"TF_NAME","Pscan_TERM","MATRIX_ID","Z_SCORE","P_VALUE","SAMPLE_AVERAGE","BACKGROUND_AVERAGE","SAMPLE_DEVSTD","SAMPLE_SIZE","In_original_list","FDR","cycling_in_CTL_BHQ","cycling_in_AD_BHQ","DR_AR1_BHQ","DR_AR1_mthd2_BHQ","DR_logAmpRatio","diff_mesor_BHQ","edgeR_DE_BHQ","cycling_PRTN_CTL_BHQ","cycling_PRTN_AD_BHQ","DR_PRTN_BHQ","DM_PRTN_BHQ"
"ELK1","ELK1","MA0028.2","12.0278",4.42043e-34,0.841831,0.805366,0.0700543,398,"False",3.50982142e-31,2.97076636837325e-12,6.01933715300983e-10,0.68506901964184,0.684763681333511,0.277192937522881,0.847078702109006,0.949378598943762,NA,NA,NA,NA
"ELK3","ELK3","MA0759.1","11.8076",6.51815e-33,0.860355,0.827514,0.063953,398,"False",2.58770555e-30,0.0027507281077751,0.000660199956491278,0.462471187976226,0.461226951289718,0.0954431541811112,0.749215042049724,0.846745811353226,NA,NA,NA,NA
"FLI1","FLI1","MA0475.2","11.7176",1.96507e-32,0.860899,0.82927,0.061383,398,"False",5.20088526666667e-30,NA,NA,NA,NA,NA,NA,NA,NA,NA,NA,NA
"FEV","FEV","MA0156.2","11.6739",3.3777e-32,0.871443,0.840666,0.0593401,398,"False",6.7047345e-30,NA,NA,NA,NA,NA,NA,NA,NA,NA,NA,NA
"ELK4","ELK4","MA0076.2","11.2074",8.40912e-30,0.884011,0.852902,0.0600651,398,"False",1.335368256e-27,1.42221194356722e-12,4.4050556670906e-06,0.888151243010812,0.887960029285804,-0.00308464721569026,0.897232152848274,0.883266743859059,NA,NA,NA,NA
"ETS1","ETS1","MA0098.3","11.1788",1.12757e-29,0.875297,0.846278,0.0572905,398,"False",1.49215096666667e-27,1.11190689416626e-08,0.0156237668955435,0.921851112214014,0.921851579102261,-0.157274766391784,0.596309380328159,0.665255812069739,NA,NA,NA,NA
"ERG","ERG","MA0474.2","11.0293",6.02043e-29,0.876744,0.84857,0.0570822,398,"False",6.82888774285714e-27,NA,NA,NA,NA,NA,NA,NA,NA,NA,NA,NA
"ERF","ERF","MA0760.1","10.7443",1.4064e-27,0.858501,0.83128,0.0572947,398,"False",1.395852e-25,3.46832588186105e-16,1.32385343477526e-14,0.82418112007084,0.823636510425337,0.119866620777697,0.0129437787697362,0.0653044926785429,NA,NA,NA,NA
"ETS2","ETS2","MA1484.1","10.5128",1.77081e-26,0.875916,0.848397,0.0585664,398,"False",1.56224793333333e-24,2.39557833566981e-35,3.568637157862e-20,0.716056867281458,0.716627027243831,0.0467641558885695,0.383045069873415,0.759223793398908,NA,NA,NA,NA
"ETV3","ETV3","MA0763.1","10.1126",1.15245e-24,0.86045,0.835857,0.0561184,398,"False",9.150453e-23,6.56380568644574e-13,4.17280711918231e-10,0.799178246054465,0.799335850457266,0.228446958486085,0.00136187842686355,0.0236324919449185,NA,NA,NA,NA
"ZBTB7A","ZBTB7A","MA0750.2","10.0181",3.59704e-24,0.859243,0.829929,0.059534,398,"False",2.59640887272727e-22,0.763404268301703,0.308476160028187,NA,NA,NA,0.627230583146274,0.894529047097813,0.243142161949713,0.884405893899267,NA,0.81228887038892
"ETV5","ETV5","MA0765.2","9.73978",5.42043e-23,0.880136,0.853063,0.0613418,398,"False",3.58651785e-21,1.33366577609804e-88,4.7648423290615e-57,0.743959247840043,0.744899344831683,-0.0294534921578857,0.0506272357464406,0.12131107956551,NA,NA,NA,NA
"ELF2","ELF2","MA1483.1","9.50265",5.4263e-22,0.8151,0.790052,0.0596811,398,"False",3.31421707692308e-20,4.86986407050099e-30,5.33712701371437e-12,0.825169800534343,0.824638352818643,-0.0859817096243307,0.152482983805996,0.765425224508755,NA,NA,NA,NA
"ETV2","ETV2","MA0762.1","9.20188",9.63846e-21,0.828212,0.805106,0.0571491,398,"False",5.46638374285714e-19,NA,NA,NA,NA,NA,NA,NA,NA,NA,NA,NA
"ETV6","ETV6","MA0645.1","8.83492",2.96938e-19,0.875222,0.851358,0.0596908,398,"False",1.57179181333333e-17,1.07339403374884e-26,4.82365060683996e-15,0.925760487759896,0.925990582903923,0.0135696363681327,0.00279586140758891,0.529135172295357,NA,NA,NA,NA
"ELF4","ELF4","MA0641.1","8.66879",1.28245e-18,0.803104,0.779983,0.0605821,398,"False",6.364158125e-17,NA,NA,NA,NA,NA,NA,NA,NA,NA,NA,NA
"NRF1","NRF1","MA0506.1","8.19336",9.27675e-17,0.87338,0.844252,0.0657129,398,"False",4.33278794117647e-15,2.74347443311857e-31,8.59133325468693e-19,0.874750737979355,0.874394120357568,-0.0497595083636545,2.34689533833632e-05,0.199374015749818,NA,NA,NA,NA
"ZBTB33","ZBTB33","MA0527.1","8.00185",4.33765e-16,0.79458,0.772676,0.0542892,398,"True",1.91338561111111e-14,2.27651563311092e-05,1.16828262030132e-07,0.388633362472728,0.386746456188426,0.594667878798143,0.731457092362289,0.875625413307344,NA,NA,NA,NA
"HINFP","HINFP","MA0131.2","7.74652",3.78874e-15,0.841373,0.819262,0.0467138,398,"False",1.58329450526316e-13,3.5499471007754e-05,0.00198346011571128,0.946142431211178,NA,0.0440920451064368,0.00147766888954681,0.00928888263736649,NA,NA,NA,NA
"YY2","YY2","MA0748.2","7.6759",5.98919e-15,0.846032,0.821895,0.0621115,398,"False",2.37770843e-13,NA,NA,NA,NA,NA,NA,NA,NA,NA,NA,NA
"ZBTB14","ZBTB14","MA1650.1","7.57751",1.45914e-14,0.848489,0.820331,0.057455,398,"False",5.51693885714286e-13,3.86720109801658e-15,1.23476190670445e-11,0.890708323267785,0.890522601767746,0.156372637440344,0.101728286782842,0.39458133947101,NA,NA,NA,NA
"Gmeb1","Gmeb1","MA0615.1","7.55766",1.61847e-14,0.833867,0.817285,0.0381741,398,"False",5.84120536363636e-13,3.77167188916094e-09,8.46459077146043e-06,0.617102408901761,0.615884088465098,0.0240705562492343,0.56090407777414,0.571117373217602,NA,NA,NA,NA
"EGR3","EGR3","MA0732.1","7.31731",1.00097e-13,0.803785,0.780667,0.0563504,398,"False",3.45552252173913e-12,3.45178919413226e-39,3.89629223691053e-26,0.925760487759896,0.925990582903923,-0.0320041125305667,8.33650980296515e-08,0.0399752560457247,NA,NA,NA,NA
"Atf1","Atf1","MA0604.1","7.21317",1.89916e-13,0.859714,0.839285,0.0637749,398,"False",6.28305433333333e-12,2.35649791519914e-23,2.00885891370503e-20,0.59433283617009,0.592950603130273,0.233544088495708,8.37725598696489e-06,0.160076184638697,NA,NA,NA,NA
"KLF15","KLF15","MA1513.1","7.17293",3.11601e-13,0.896106,0.860109,0.0763979,398,"False",9.89644776e-12,5.969363429168e-08,0.000338094080089978,0.945841357828434,0.945509343834557,0.124600303183484,0.0160797725476181,0.441869334481169,NA,NA,NA,NA
"TCFL5","TCFL5","MA0632.2","7.14346",3.74574e-13,0.859596,0.835763,0.0555814,398,"False",1.14389136923077e-11,0.0283337398141171,0.0324511169230012,NA,NA,NA,0.605823259364659,0.506651864165682,NA,NA,NA,NA
"EGR2","EGR2","MA0472.2","6.93376",1.64114e-12,0.827313,0.808129,0.0506561,398,"False",4.82616725925926e-11,1.34590230292005e-23,2.22652138401044e-16,0.743934572397113,0.744874745017937,0.0543509185522048,0.128757985002427,0.703381164222804,NA,NA,NA,NA
"SP9","SP9","MA1564.1","6.88771",2.38176e-12,0.887966,0.865208,0.0539724,398,"False",6.75399085714286e-11,NA,NA,NA,NA,NA,NA,NA,NA,NA,NA,NA
"SP2","SP2","MA0516.2","6.74876",6.03408e-12,0.807921,0.78945,0.0502371,398,"False",1.65208948965517e-10,0.40886293144802,0.109301636904825,NA,NA,NA,0.222226704299615,0.169490142012525,NA,NA,NA,NA
"E2F1","E2F1","MA0024.3","6.71988",7.2133e-12,0.785558,0.7698,0.0452188,398,"False",1.90912006666667e-10,7.27636490113767e-11,3.41388922613648e-09,0.586334801202892,0.584835015872579,0.435156491506317,0.39512466135215,0.757518630599718,NA,NA,NA,NA
"E2F2","E2F2","MA0864.2","6.70306",7.98785e-12,0.770393,0.755513,0.0441181,398,"False",2.04592029032258e-10,NA,NA,NA,NA,NA,NA,NA,NA,NA,NA,NA
"SP3","SP3","MA0746.2","6.61932",1.5255e-11,0.874438,0.852593,0.0550147,398,"False",3.785146875e-10,1.4872053433794e-08,0.000905925663962031,NA,NA,NA,0.00134596625525008,0.104608259278037,NA,NA,NA,NA
"KLF14","KLF14","MA0740.1","6.5314",2.73898e-11,0.837406,0.818128,0.0506819,398,"False",6.59015187878788e-10,NA,NA,NA,NA,NA,NA,NA,NA,NA,NA,NA
"ARNT","ARNT::HIF1A","MA0259.1","6.48335",3.75658e-11,0.910195,0.890666,0.052665,398,"False",8.52207005714286e-10,1.51105203783505e-26,1.48243248784216e-10,0.688214207856375,0.687918348431228,-0.218100744073382,0.000143185190249365,0.467617557982635,NA,NA,NA,NA
"HIF1A","ARNT::HIF1A","MA0259.1","6.48335",3.75658e-11,0.910195,0.890666,0.052665,398,"False",8.52207005714286e-10,0.524431052539902,0.00186529445025647,0.333119346825934,0.332395158408244,1.84590119513897,0.000607543792814419,0.0107428676317449,NA,NA,NA,NA
"TFDP1","TFDP1","MA1122.1","6.41906",5.96448e-11,0.870997,0.849665,0.0520169,398,"False",1.3154992e-09,2.28187356940214e-14,0.000253655129743399,0.536438497373239,0.534808941120891,-0.1705397930249,0.287498534079942,0.552761203745471,NA,NA,NA,NA
"HES1","HES1","MA1099.2","6.40752",6.24567e-11,0.873603,0.85239,0.0571605,398,"False",1.34028702162162e-09,NA,NA,NA,NA,NA,NA,NA,NA,NA,NA,NA
"SP4","SP4","MA0685.1","6.26498",1.56332e-10,0.811408,0.791926,0.0560152,398,"False",3.266516e-09,7.94148800599718e-17,2.66803165184359e-08,0.749355041539165,0.749979835424336,-0.189712334059202,0.0182265724551141,0.609795804116856,NA,NA,NA,NA
"EGR1","EGR1","MA0162.4","6.23495",1.93217e-10,0.834488,0.812172,0.0610891,398,"True",3.93369994871795e-09,7.27742019341422e-27,1.90977031975995e-12,0.359060497769574,0.356766579311231,-0.226727657799351,0.000977641118538206,0.0328488510611074,NA,NA,NA,NA
"HES2","HES2","MA0616.2","6.22141",2.08441e-10,0.827473,0.807232,0.0574938,398,"False",4.13755385e-09,NA,NA,NA,NA,NA,NA,NA,NA,NA,NA,NA
"KLF2","KLF2","MA1515.1","6.206",2.36744e-10,0.913677,0.894352,0.0501296,398,"False",4.58474965853658e-09,NA,NA,NA,NA,NA,NA,NA,NA,NA,NA,NA
"SP1","SP1","MA0079.4","6.19275",2.48164e-10,0.832489,0.812589,0.0583597,398,"True",4.69148133333333e-09,3.01832286015746e-20,3.57204136236744e-06,0.388320844870781,0.386408126477945,-0.478615930845522,0.264000400677414,0.988113407521202,NA,NA,NA,NA
"E2F4","E2F4","MA0470.2","6.13589",3.45272e-10,0.761207,0.747338,0.0447006,398,"False",6.37548762790698e-09,2.54718300482102e-15,3.39020437713091e-09,0.851719773845754,0.851277854360973,0.150550235037674,0.759185747705449,0.904803104416279,NA,NA,NA,NA
"ELF5","ELF5","MA0136.2","5.95537",1.01846e-09,0.877913,0.864397,0.0502806,398,"False",1.83785736363636e-08,NA,NA,NA,NA,NA,NA,NA,NA,NA,NA,NA
"SPDEF","SPDEF","MA0686.1","5.94493",1.12006e-09,0.815919,0.801715,0.0495086,398,"False",1.97203708695652e-08,NA,NA,NA,NA,NA,NA,0.268700914112174,NA,NA,NA,NA
"KLF6","KLF6","MA1517.1","5.9532",1.14249e-09,0.897642,0.880258,0.0493917,398,"False",1.97203708695652e-08,7.48155714079118e-13,4.99772563269119e-20,0.558911057735706,0.558116959788681,0.315520678352894,2.78024268463027e-07,0.002622940834159,NA,NA,NA,NA
"EGR4","EGR4","MA0733.1","5.93151",1.28468e-09,0.795267,0.780201,0.0453563,398,"False",2.17028919148936e-08,3.88146519093796e-13,1.52449549144656e-08,0.781617792669042,0.781865305877319,-0.0463864100375704,0.0114381822555411,0.270233049332846,NA,NA,NA,NA
"KLF3","KLF3","MA1516.1","5.62227",8.31461e-09,0.863449,0.846119,0.0520344,398,"False",1.37537507083333e-07,0.0132785599032887,0.227284685579491,NA,NA,NA,0.0963744705566476,0.408320675113309,NA,NA,NA,NA
"KLF5","KLF5","MA0599.1","5.38226",3.28974e-08,0.944164,0.92756,0.0512974,398,"False",5.33072155102041e-07,5.21575193683571e-11,2.46055286743939e-06,0.990367624527067,0.990351166379798,0.0459610466220064,0.0158572690249032,0.128023652648656,NA,NA,NA,NA
"KLF11","KLF11","MA1512.1","5.35166",3.89207e-08,0.881749,0.865068,0.0524529,398,"False",6.18060716e-07,5.99220470485101e-05,0.000275431909206997,0.775038760519813,0.77555791205294,0.107439112235395,0.0251050948355294,0.121644525571617,NA,NA,NA,NA
"TFAP2E","TFAP2E","MA1569.1","5.3153",4.80683e-08,0.893261,0.876258,0.0515467,398,"False",7.48357454901961e-07,0.299258696066261,0.275278784752456,NA,NA,NA,0.184801418063722,0.10895316297333,NA,NA,NA,NA
"Ahr","Ahr::Arnt","MA0006.1","5.23132",7.2989e-08,0.930383,0.913397,0.0626391,398,"False",1.08022817777778e-06,2.48205345843522e-07,0.0063204709340211,0.679198571970668,0.678429240963586,0.0239455926725743,0.0852973230294195,0.141912098450382,NA,NA,NA,NA
"Arnt","Ahr::Arnt","MA0006.1","5.23132",7.2989e-08,0.930383,0.913397,0.0626391,398,"False",1.08022817777778e-06,1.51105203783505e-26,1.48243248784216e-10,0.688214207856375,0.687918348431228,-0.218100744073382,0.000143185190249365,0.467617557982635,NA,NA,NA,NA
"ARNT2","ARNT2","MA1464.1","5.22677",7.34664e-08,0.820271,0.803892,0.0642038,398,"False",1.08022817777778e-06,0.454990083699423,0.0405150913261161,NA,NA,NA,0.358631549580652,0.0998991989001632,0.903347896688452,0.82992585368626,NA,0.474107905469332
"HEY1","HEY1","MA0823.1","5.15385",1.13525e-07,0.821878,0.805772,0.0554513,398,"False",1.63888818181818e-06,2.24462586061172e-28,2.51294728350305e-26,0.457133177124538,0.455859743120848,0.234595814504254,0.000390137073703518,0.141192626551286,NA,NA,NA,NA
"ZFP57","ZFP57","MA1583.1","5.08745",1.62477e-07,0.836401,0.822293,0.0484592,398,"False",2.30369175e-06,NA,NA,NA,NA,NA,NA,NA,NA,NA,NA,NA
"CREB3L4","CREB3L4","MA1474.1","5.07553",1.69659e-07,0.806968,0.795119,0.0443246,398,"False",2.36332010526316e-06,NA,NA,NA,NA,NA,NA,NA,NA,NA,NA,NA
"SP8","SP8","MA0747.1","4.99841",2.61314e-07,0.883608,0.870403,0.0448636,398,"False",3.57729855172414e-06,NA,NA,NA,NA,NA,NA,NA,NA,NA,NA,NA
"KLF16","KLF16","MA0741.1","4.9583",3.2214e-07,0.887402,0.870747,0.0568887,398,"False",4.33524e-06,3.15217017169705e-15,7.7401958666831e-16,0.703189725668247,0.703541561615633,0.259971474430746,0.000214331309427123,0.110479287987431,NA,NA,NA,NA
"BHLHE40","BHLHE40","MA0464.2","4.92568",3.63781e-07,0.824804,0.809721,0.0630628,398,"False",4.81403523333333e-06,3.6110998757055e-46,2.06609867043539e-35,0.753698566682594,0.754330683764031,0.0821059864303979,0.000172513667666472,0.104608127082639,NA,NA,NA,NA
"CREB3L4","CREB3L4","MA1475.1","4.88806",4.32684e-07,0.793357,0.780213,0.0591738,398,"False",5.63198518032787e-06,NA,NA,NA,NA,NA,NA,NA,NA,NA,NA,NA
"SOHLH2","SOHLH2","MA1560.1","4.88248",4.64554e-07,0.816958,0.802357,0.0566537,398,"False",5.94928832258065e-06,5.02334216648616e-07,3.97135564388831e-07,0.646057403289582,0.645292575717164,0.256335245231292,0.00790508761518324,0.239492087167452,NA,NA,NA,NA
"GLIS2","GLIS2","MA0736.1","4.85946",5.32207e-07,0.799394,0.7882,0.0401457,398,"False",6.70749774603175e-06,0.00518615063603749,0.986222561832,0.65728593452107,0.656620226595271,-3.04453567546372,0.469932880360164,0.854966789021971,NA,NA,NA,NA
"PAX5","PAX5","MA0014.3","4.79213",7.38662e-07,0.825113,0.813171,0.046153,398,"False",9.1640254375e-06,NA,NA,NA,NA,NA,NA,NA,NA,NA,NA,NA
"TFAP2A","TFAP2A","MA0810.1","4.79037",7.66322e-07,0.885517,0.873406,0.0405196,398,"False",9.36091796923077e-06,NA,NA,NA,NA,NA,NA,NA,NA,NA,NA,NA
"CTCFL","CTCFL","MA1102.2","4.78262",7.85035e-07,0.855797,0.839568,0.0590229,398,"False",9.37550459701492e-06,NA,NA,NA,NA,NA,NA,NA,NA,NA,NA,NA
"HIF1A","HIF1A","MA1106.1","4.77842",7.91132e-07,0.848168,0.833935,0.0552366,398,"False",9.37550459701492e-06,0.524431052539902,0.00186529445025647,0.333119346825934,0.332395158408244,1.84590119513897,0.000607543792814419,0.0107428676317449,NA,NA,NA,NA
"E2F6","E2F6","MA0471.2","4.73727",9.97057e-07,0.865973,0.852237,0.0469922,398,"False",1.16421067352941e-05,0.00341885990492273,0.215533721569975,NA,NA,NA,0.299064355607077,0.963019310512442,NA,NA,NA,NA
"BHLHE41","BHLHE41","MA0636.1","4.57214",2.09713e-06,0.788741,0.775543,0.062977,398,"False",2.40104465714286e-05,1.75382278332858e-37,8.9578701592928e-26,0.915237856370625,0.915106656153443,0.0646074259487827,0.00562215404384131,0.47293735916685,NA,NA,NA,NA
"TFAP2B","TFAP2B","MA0812.1","4.58148",2.11679e-06,0.866051,0.853532,0.0467987,398,"False",2.40104465714286e-05,NA,NA,NA,NA,NA,NA,NA,NA,NA,NA,NA
"Arntl","Arntl","MA0603.1","4.55188",2.32525e-06,0.831077,0.817467,0.0639425,398,"False",2.60035e-05,1.50804933384272e-11,5.47636890200699e-08,0.817403697643829,0.817092322993439,0.136071684244564,0.000262037863824534,0.120779686116137,NA,NA,NA,NA
"HEY2","HEY2","MA0649.1","4.54496",2.50482e-06,0.827328,0.814695,0.0495047,398,"False",2.76225983333333e-05,NA,NA,NA,NA,NA,NA,NA,NA,NA,NA,NA
"ZBTB7B","ZBTB7B","MA0694.1","4.53427",2.60364e-06,0.80711,0.796231,0.0455098,398,"False",2.83190432876712e-05,0.00655008880529154,0.0521545987907314,0.940912745663909,0.940667015257237,0.112419564448787,0.0049299971548475,0.0162877497634696,NA,NA,NA,NA
"Zfx","Zfx","MA0146.2","4.52314",2.80499e-06,0.870027,0.855406,0.0547063,398,"False",3.00967845945946e-05,0.0017879527235495,0.000152969605719888,0.555087235076562,0.553417093842031,0.21201186429102,0.000593452420976558,0.0685842961060611,NA,NA,NA,NA
"CTCF","CTCF","MA0139.1","4.46958",3.49973e-06,0.789237,0.779428,0.0439085,398,"False",3.70504749333333e-05,2.63600574573633e-10,4.0200056720519e-06,NA,NA,NA,0.669080706896203,0.546821613652762,0.771502239191367,0.899747450097321,NA,0.811927095122464
"NHLH2","NHLH2","MA1529.1","4.4202",4.48994e-06,0.747059,0.736319,0.0447265,398,"False",4.69080573684211e-05,NA,NA,NA,NA,NA,NA,NA,NA,NA,NA,NA
"CREB3","CREB3","MA0638.1","4.3519",5.97629e-06,0.77035,0.760337,0.0489298,398,"False",6.16256397402597e-05,1.26752400848734e-30,7.09506235599136e-16,0.669775081817908,0.669170035861223,-0.140771522969664,0.000190338153546345,0.123171140870697,NA,NA,NA,NA
"Arnt","Arnt","MA0004.1","4.23251",1.04691e-05,0.875598,0.86117,0.067141,398,"False",0.000106570069230769,1.51105203783505e-26,1.48243248784216e-10,0.688214207856375,0.687918348431228,-0.218100744073382,0.000143185190249365,0.467617557982635,NA,NA,NA,NA
"TFEC","TFEC","MA0871.2","4.21351",1.11854e-05,0.808155,0.79543,0.0649501,398,"False",0.000112420349367089,NA,NA,NA,NA,NA,NA,NA,NA,NA,NA,NA
"ZIC3","ZIC3","MA0697.1","4.21008",1.18063e-05,0.796269,0.786209,0.0420803,398,"False",0.0001171775275,NA,NA,NA,NA,NA,NA,NA,NA,NA,NA,NA
"ZFP42","ZFP42","MA1651.1","4.18398",1.24863e-05,0.744036,0.732999,0.0618274,398,"False",0.00012239657037037,NA,NA,NA,NA,NA,NA,NA,NA,NA,NA,NA
"ZBED1","ZBED1","MA0749.1","4.14474",1.51658e-05,0.709886,0.700738,0.0477873,398,"False",0.000146849331707317,9.08737611550289e-16,1.00121595600145e-09,0.957075934607632,0.956982224990383,-0.0112628522554353,0.0295702290835589,0.235210329459078,NA,NA,NA,NA
"MAZ","MAZ","MA1522.1","4.1075",1.88031e-05,0.893672,0.877914,0.0615079,398,"False",0.000179875438554217,1.02921619950869e-12,3.81787150902595e-07,0.626772139611538,0.625885422008514,0.0451061568934663,0.0186471623464836,0.152218726189119,NA,NA,NA,NA
"ZIC5","ZIC5","MA1584.1","4.09119",2.00108e-05,0.784269,0.774101,0.042573,398,"False",0.000189149704761905,NA,NA,NA,NA,NA,NA,NA,NA,NA,NA,NA
"TFAP2C","TFAP2C","MA0815.1","4.0888",2.03309e-05,0.821928,0.809526,0.0498852,398,"False",0.000189914524705882,NA,NA,NA,NA,NA,NA,NA,NA,NA,NA,NA
"ZNF148","ZNF148","MA1653.1","4.04846",2.43989e-05,0.866588,0.850645,0.060487,398,"False",0.000224545025287356,2.60431097500123e-19,1.7464329293159e-12,0.932103900195972,0.93235198513123,-0.107771121926001,0.000219045023875846,0.136011332234139,0.720492130913634,0.832563051062031,NA,0.599376764820855
"GMEB2","GMEB2","MA0862.1","4.03707",2.46038e-05,0.823746,0.813104,0.0533469,398,"False",0.000224545025287356,0.193497087244791,0.10868612729152,NA,NA,NA,0.220510988170632,0.802340963065212,NA,NA,NA,NA
"ZIC4","ZIC4","MA0751.1","4.03896",2.50193e-05,0.815447,0.806296,0.039442,398,"False",0.000225742320454545,NA,NA,NA,NA,NA,NA,NA,NA,NA,NA,NA
"KLF10","KLF10","MA1511.1","4.00874",2.84178e-05,0.87263,0.861439,0.049302,398,"False",0.000253525092134831,1.66688302260826e-18,1.01002663752175e-12,0.815640537535987,0.815326697510489,0.0427873146181439,0.0352028481901903,0.324273035751197,NA,NA,NA,NA
"TFAP2A","TFAP2A","MA0872.1","3.94103",3.82092e-05,0.816544,0.804318,0.0509798,398,"False",0.000337090053333333,NA,NA,NA,NA,NA,NA,NA,NA,NA,NA,NA
"HES7","HES7","MA0822.1","3.91025",4.27609e-05,0.741183,0.730391,0.051192,398,"False",0.0003731006,NA,NA,NA,NA,NA,NA,NA,NA,NA,NA,NA
"KLF13","KLF13","MA0657.1","3.89321",4.60117e-05,0.747877,0.739248,0.0404874,398,"False",0.000395902913978495,0.558958536379873,0.893423369255785,NA,NA,NA,0.647189786644946,0.892623904776838,NA,NA,NA,NA
"TFAP2B","TFAP2B","MA0811.1","3.89501",4.63715e-05,0.867028,0.857551,0.0395087,398,"False",0.000395902913978495,NA,NA,NA,NA,NA,NA,NA,NA,NA,NA,NA
"ZNF460","ZNF460","MA1596.1","3.86091",5.27246e-05,0.791912,0.777914,0.0651406,398,"False",0.0004453546,0.98798584617657,0.233823208900852,NA,NA,NA,0.0619301151737454,0.036271873723362,NA,NA,NA,NA
"TFAP2B","TFAP2B","MA0813.1","3.83316",5.96945e-05,0.827241,0.816155,0.0480038,398,"False",0.000498920347368421,NA,NA,NA,NA,NA,NA,NA,NA,NA,NA,NA
"YY1","YY1","MA0095.2","3.78444",6.90926e-05,0.808214,0.796807,0.069211,398,"False",0.000571453379166667,6.27493191586787e-13,4.002006464613e-10,0.824313896732824,0.823775918171581,0.220349345966686,0.0535324945781881,0.259891340440779,0.627732509500388,0.969508128147537,NA,0.811269443848896
"ZIC1","ZIC1","MA0696.1","3.77426",7.51341e-05,0.783466,0.774242,0.0438472,398,"False",0.000615015210309278,NA,NA,NA,NA,NA,NA,NA,NA,NA,NA,NA
"TFAP2C","TFAP2C","MA0524.2","3.72125",9.40601e-05,0.862666,0.853662,0.0392905,398,"False",0.000762078769387755,NA,NA,NA,NA,NA,NA,NA,NA,NA,NA,NA
"KLF4","KLF4","MA0039.4","3.68098",0.000110084,0.892371,0.879556,0.0578789,398,"False",0.000882895919191919,NA,NA,NA,NA,NA,NA,NA,NA,NA,NA,NA
"Klf12","Klf12","MA0742.1","3.67277",0.000112298,0.819049,0.809666,0.0471371,398,"False",0.00089164612,2.09923239608994e-22,4.41234765392667e-17,0.990538130931295,0.99052470169139,0.012590449995221,2.23661238488877e-05,0.080187813944736,0.18893883639127,0.628059260060968,NA,0.968009836222104
"CENPB","CENPB","MA0637.1","3.56639",0.000169675,0.789366,0.78272,0.0349034,398,"False",0.00133388069306931,2.69157435481105e-23,1.38479003462704e-13,0.901311755027165,0.901259438990006,0.0502203391726755,0.00018357383243209,0.128234246564721,NA,NA,NA,NA
"HES5","HES5","MA0821.1","3.56022",0.000174094,0.757732,0.748255,0.0490855,398,"False",0.00135520231372549,NA,NA,NA,NA,NA,NA,NA,NA,NA,NA,NA
"Creb3l2","Creb3l2","MA0608.1","3.51667",0.000203695,0.84072,0.831136,0.0539519,398,"False",0.00156987542307692,4.92665472040373e-14,9.29617186508798e-10,0.723795446126379,0.724025764662776,0.245310676388294,0.064527329287453,0.932480288247428,NA,NA,NA,NA
"ELF1","ELF1","MA0473.3","3.51134",0.000205626,0.816423,0.80716,0.0560826,398,"False",0.00156987542307692,2.77194461713883e-06,4.41994729960438e-05,0.807196198565776,0.807110192083218,0.215154578138121,0.0232585554425803,0.269710107506938,NA,NA,NA,NA
"Klf1","Klf1","MA0493.1","3.50292",0.000216632,0.874664,0.865753,0.0468742,398,"False",0.00163815055238095,NA,NA,NA,NA,NA,NA,NA,NA,NA,NA,NA
"THAP11","THAP11","MA1573.1","3.46748",0.00023753,0.723749,0.713794,0.0688475,398,"False",0.00177720203738318,3.71694041544864e-14,3.29015322657841e-09,0.851719773845754,0.851277854360973,-0.0133739800051871,0.0262742341106885,0.233213105193533,NA,NA,NA,NA
"ETV1","ETV1","MA0761.2","3.47163",0.000239497,0.822679,0.813569,0.055038,398,"False",0.00177720203738318,5.52584604090286e-43,4.33859243795113e-28,0.844900588840312,0.844432277067563,-0.0992928915311504,0.051855289746216,0.0658243656882262,NA,NA,NA,NA
"MLX","MLX","MA0663.1","3.38784",0.000325575,0.782801,0.77323,0.0612894,398,"False",0.00239357916666667,8.79371155242699e-21,4.06546548136207e-14,0.65728593452107,0.656620226595271,0.0683114500524696,0.26000075629759,0.598341321835542,NA,NA,NA,NA
"GLIS1","GLIS1","MA0735.1","3.35768",0.00037221,0.709113,0.701599,0.04074,398,"False",0.00271132788990826,1.0582786281245e-23,4.11771140813275e-15,0.884958633341067,0.884860963106289,0.113261516958091,0.025717118884014,0.965251208428614,NA,NA,NA,NA
"GABPA","GABPA","MA0062.3","3.33132",0.000401277,0.814948,0.806282,0.0556743,398,"False",0.00289649034545455,1.74291081731392e-09,3.66120498390137e-05,0.516358308410148,0.515023300414082,0.0652975289145844,0.737005379893044,0.693229263114178,0.667650152408214,0.970360144370485,NA,0.397645161368152
"IRF6","IRF6","MA1509.1","3.32809",0.000407289,0.800425,0.792275,0.0513049,398,"False",0.00291340059459459,NA,NA,NA,NA,NA,NA,NA,0.656765055536744,0.472806747856337,NA,0.905801989985427
"ZBTB7C","ZBTB7C","MA0695.1","3.24864",0.000545705,0.829433,0.822194,0.0441556,398,"False",0.00386865866071429,2.25200670607686e-05,0.000701257437034914,0.921851112214014,0.921851579102261,-0.0917779834197914,0.975735782282705,0.312885688083038,NA,NA,NA,NA
"EHF","EHF","MA0598.3","3.18199",0.000682849,0.811396,0.803084,0.0561063,398,"False",0.00479807173451327,NA,NA,NA,NA,NA,NA,NA,NA,NA,NA,NA
"ZNF449","ZNF449","MA1656.1","3.16998",0.000722758,0.808941,0.800995,0.0476338,398,"False",0.00503394607017544,0.000418737282352032,0.000461918990192706,0.839733778198284,0.839245523408744,0.260808039564386,0.437019640327709,0.779469765244944,NA,NA,NA,NA
"Plagl1","Plagl1","MA1615.1","3.1367",0.00082136,0.835538,0.825969,0.0503584,398,"False",0.00567095513043478,1.37401117283815e-06,0.00217843584918653,0.946586920864952,0.946358764262871,-0.119285406319854,0.137698769883083,0.458253596209588,NA,NA,NA,NA
"PLAG1","PLAG1","MA0163.1","3.04847",0.00110171,0.808253,0.800424,0.0454784,398,"False",0.007541015,0.000773640061912646,0.00216915503868796,0.617102408901761,0.615884088465098,0.439725489370749,0.378575752099948,0.0731814900115252,NA,NA,NA,NA
"Znf423","Znf423","MA0116.1","3.01283",0.00123319,0.832798,0.826226,0.0413669,398,"False",0.00836882786324786,9.92849702835351e-18,2.64496912410609e-08,0.86401749140938,0.863386698713163,0.0207971448106904,0.00366928461173622,0.284758112757209,NA,NA,NA,NA
"TFE3","TFE3","MA0831.2","2.98445",0.00133786,0.860847,0.852278,0.0611728,398,"False",0.00900221050847458,1.94835272662344e-11,1.58489686343909e-06,0.921597630673884,0.921593614151125,0.00146780301875495,0.412123250140494,0.557185811159905,0.533985977415169,0.758774356187414,NA,0.976786526694263
"SREBF2","SREBF2","MA0828.1","2.97065",0.00139028,0.789248,0.780952,0.0629152,398,"False",0.00927632201680672,3.3325195137075e-05,0.0212249850213623,NA,NA,NA,0.407599772686831,0.577409386680589,0.594932408980798,0.638697886232213,NA,0.63385050585134
"Mlxip","Mlxip","MA0622.1","2.96284",0.00145286,0.834746,0.823892,0.0702978,398,"False",0.00961309033333333,4.43928682324664e-14,2.04180227552e-05,0.892443140614908,0.892263185595619,-0.103032769001704,0.14471988442021,0.898036359032424,NA,NA,NA,NA
"MYCN","MYCN","MA0104.4","2.88416",0.00187992,0.796563,0.788166,0.0542201,398,"False",0.0123360039669421,NA,NA,NA,NA,NA,NA,NA,NA,NA,NA,NA
"ZBTB6","ZBTB6","MA1581.1","2.85914",0.00203452,0.833515,0.826086,0.0488478,398,"False",0.0132410563934426,2.987828955002e-26,3.33894955569361e-09,0.759123256559741,0.759916413457743,-0.187410030027642,0.0239210117165166,0.238769449707056,NA,NA,NA,NA
"MYC","MYC","MA0147.3","2.8443",0.00213935,0.816011,0.807524,0.0539938,398,"False",0.0138101130081301,NA,NA,NA,NA,NA,NA,0.0496718448560886,NA,NA,NA,NA
"PLAGL2","PLAGL2","MA1548.1","2.83857",0.00219925,0.856305,0.846444,0.0547758,398,"False",0.0140822943548387,0.00819881413140029,6.36752034954057e-05,0.691868938070099,0.691998852995107,0.606863294080586,0.768307060515965,0.737247213935807,NA,NA,NA,NA
"NFYB","NFYB","MA0502.2","2.80786",0.0023634,0.811342,0.803189,0.0619129,398,"False",0.0150123168,1.56522396532684e-18,2.88733775087801e-08,0.824935325296321,0.824403601095505,-0.147714976758642,0.0711314707183966,0.200522882053104,0.813933918962299,0.689620709287861,NA,0.696290405960868
"TFAP2C","TFAP2C","MA0814.2","2.7762",0.0026599,0.833502,0.825276,0.0503659,398,"False",0.0167615920634921,NA,NA,NA,NA,NA,NA,NA,NA,NA,NA,NA
"MNT","MNT","MA0825.1","2.71186",0.00320873,0.842981,0.83503,0.0569457,398,"False",0.0200608788976378,1.50675021093809e-07,4.01098186381414e-06,0.932103900195972,0.93235198513123,0.172616603254637,0.00212158615034273,0.0712438195415134,NA,NA,NA,NA
"IRF8","IRF8","MA0652.1","2.62945",0.00406877,0.722568,0.716154,0.0531684,398,"False",0.02523908890625,NA,NA,NA,NA,NA,NA,NA,NA,NA,NA,NA
"ZSCAN29","ZSCAN29","MA1602.1","2.62005",0.00419667,0.790309,0.784442,0.047298,398,"False",0.0258306665116279,0.0582788092221794,0.241492773160851,NA,NA,NA,0.13068949221336,0.663096387570644,NA,NA,NA,NA
"ZNF740","ZNF740","MA0753.2","2.61587",0.0043066,0.81222,0.803708,0.057935,398,"False",0.0263033876923077,2.20166406420543e-08,7.45453677969019e-09,0.905661649687816,0.905620921697072,0.149106162644587,0.00683508019819404,0.0511692312412089,NA,NA,NA,NA
"OVOL2","OVOL2","MA1545.1","2.60669",0.00438077,0.793083,0.786856,0.04858,398,"False",0.0265521479389313,2.17373977394057e-07,1.58512467349298e-05,0.620552506054613,0.619106650000782,0.149521732125464,0.725721457251895,0.206607482121573,NA,NA,NA,NA
"TFEB","TFEB","MA0692.1","2.51991",0.00560021,0.828552,0.821723,0.0596345,398,"False",0.0336861116666667,1.26232526766367e-16,2.43046016648134e-13,0.596490070672586,0.595162862985202,0.27417294387306,1.89555879170936e-05,0.0244610073125269,NA,NA,NA,NA
"MAX","MAX","MA0058.3","2.51831",0.00568207,0.831255,0.823549,0.0598606,398,"False",0.0339215306766917,0.00372279666000216,0.0282340068244151,NA,NA,NA,0.779299418167454,0.445241901746584,0.660937547589121,0.475304663521133,NA,0.419322524637367
"GLIS3","GLIS3","MA0737.1","2.46323",0.00666256,0.747797,0.742723,0.0387188,398,"False",0.0394781540298507,3.83108067988364e-10,1.55535892272727e-05,0.99485430414175,0.994847253950035,0.00786292084573472,0.0329693124147183,0.467171731478124,NA,NA,NA,NA
"MTF1","MTF1","MA0863.1","2.45117",0.00690985,0.733854,0.728912,0.0363782,398,"False",0.0406401548148148,NA,NA,NA,NA,NA,NA,NA,NA,NA,NA,NA
"XBP1","XBP1","MA0844.1","2.42207",0.00739168,0.759495,0.754141,0.0482519,398,"False",0.0431543670588235,1.11142865991336e-29,3.51477197643577e-21,0.840362442051262,0.839882645352521,-0.0861317562901592,5.63697468242937e-07,0.00950997243278142,NA,NA,NA,NA
"E2F8","E2F8","MA0865.1","2.38303",0.00829625,0.738289,0.732586,0.0473722,398,"False",0.0480819160583942,NA,NA,NA,NA,NA,NA,NA,NA,NA,NA,NA
"HES6","HES6","MA1493.1","2.36721",0.00869698,0.806594,0.801229,0.0422049,398,"False",0.0500391457971014,3.00954884887557e-05,0.0136682027585193,0.782830595105896,0.783080146128061,-0.0628388163830977,0.153083712168341,0.397800497381957,NA,NA,NA,NA
"E2F3","E2F3","MA0469.3","2.34475",0.00911425,0.698445,0.69333,0.0493335,398,"False",0.0520626942446043,1.57438219698765e-20,1.55123497232924e-08,0.64412570089257,0.643588042337778,-0.0348740399392889,0.52530488486745,0.167755022494678,NA,NA,NA,NA
"ZNF135","ZNF135","MA1587.1","2.31422",0.0100257,0.791691,0.785202,0.0530638,398,"False",0.0568600414285714,0.0059227058690399,0.00229037597505852,0.679506226926293,0.678742500841301,0.697915845786628,0.977779482960182,0.281632632093777,NA,NA,NA,NA
"REST","REST","MA0138.2","2.30278",0.0103223,0.694818,0.690243,0.0384798,398,"False",0.0581269943262411,0.00091236813066037,0.0109023382304161,0.948168475817061,0.94804808061,0.0490114926313418,0.750809645896665,0.863896665091246,NA,NA,NA,NA
"MAX","MAX::MYC","MA0059.1","2.27003",0.0112553,0.803299,0.797632,0.0486402,398,"False",0.0624944629370629,0.00372279666000216,0.0282340068244151,NA,NA,NA,0.779299418167454,0.445241901746584,0.660937547589121,0.475304663521133,NA,0.419322524637367
"MYC","MAX::MYC","MA0059.1","2.27003",0.0112553,0.803299,0.797632,0.0486402,398,"False",0.0624944629370629,NA,NA,NA,NA,NA,NA,0.0496718448560886,NA,NA,NA,NA
"ATF6","ATF6","MA1466.1","2.25614",0.0116735,0.740851,0.735722,0.0443417,398,"False",0.0643663819444445,9.07786980986238e-26,5.88925004011615e-14,0.830273616355029,0.829642436796103,-0.0752336719843888,0.00211134950797575,0.454157331504267,NA,NA,NA,NA
"MLXIPL","MLXIPL","MA0664.1","2.2463",0.0118972,0.801731,0.795318,0.0616461,398,"False",0.0651474262068965,1.30617197664081e-28,8.15780974984349e-16,0.734102435630899,0.734200322296247,-0.0638869029698513,0.000327852662379066,0.326732153679863,NA,NA,NA,NA
"IRF5","IRF5","MA1420.1","2.23671",0.0122334,0.751248,0.74655,0.0436079,398,"False",0.0665295863013699,NA,NA,NA,NA,NA,NA,NA,NA,NA,NA,NA
"KLF9","KLF9","MA1107.2","2.21827",0.0129469,0.801271,0.794726,0.0526827,398,"False",0.069930874829932,2.48990070222694e-17,8.07650436693234e-12,0.990367624527067,0.990351166379798,0.0381846673669623,0.000244469795692959,0.0443969486916264,NA,NA,NA,NA
"IRF4","IRF4","MA1419.1","2.20063",0.0133926,0.705837,0.700638,0.0512968,398,"False",0.0718494891891892,NA,NA,NA,NA,NA,NA,NA,NA,NA,NA,NA
"RXRG","RXRG","MA1556.1","2.1105",0.017011,0.764945,0.760278,0.0400332,398,"False",0.0906492214765101,NA,NA,NA,NA,NA,NA,NA,NA,NA,NA,NA
"KLF17","KLF17","MA1514.1","2.07412",0.0186254,0.787835,0.782544,0.0455096,398,"False",0.0985904506666667,NA,NA,NA,NA,NA,NA,NA,NA,NA,NA,NA
"IRF9","IRF9","MA0653.1","2.04234",0.0199668,0.694631,0.68948,0.0528504,398,"False",0.10499098807947,0.335110903641194,0.326198439140053,NA,NA,NA,0.200689076159522,0.72330918053655,0.982503199555317,0.534919203109195,NA,0.96489878365434
"ZNF682","ZNF682","MA1599.1","2.02851",0.0209036,0.772165,0.766683,0.0430352,398,"False",0.109193805263158,0.202996449971186,0.414884141694539,NA,NA,NA,0.627660998956671,0.20431275385921,NA,NA,NA,NA
"CREM","CREM","MA0609.2","2.00916",0.0215551,0.733031,0.727025,0.0666439,398,"False",0.111861107189542,0.0261545905989217,0.109656661240409,NA,NA,NA,0.0232713661287863,0.61679512418143,NA,NA,NA,NA
"JUNB","JUNB","MA1140.2","1.99684",0.0222354,0.725047,0.719098,0.0648867,398,"False",0.114642257142857,6.71748920319628e-11,3.8155471366722e-09,0.758629649188065,0.75942229034888,0.154754981778615,0.00544929074912458,0.15167485229194,NA,NA,NA,NA
"CREB3L1","CREB3L1","MA0839.1","1.9911",0.0226906,0.741527,0.73715,0.0424416,398,"False",0.116234428387097,NA,NA,NA,NA,NA,NA,NA,NA,NA,NA,NA
"NR2C2","NR2C2","MA0504.1","1.98556",0.0229306,0.827547,0.823751,0.0389492,398,"False",0.116710874358974,0.0672280242870101,0.434282635590338,NA,NA,NA,0.0268655493773719,0.643799525709974,0.791453766976742,0.832682418542537,NA,0.811558803946183
"FOSL1","FOSL1::JUND","MA1143.1","1.91376",0.0269408,0.814951,0.80978,0.0629304,398,"False",0.13538604556962,NA,NA,NA,NA,NA,NA,NA,NA,NA,NA,NA
"JUND","FOSL1::JUND","MA1143.1","1.91376",0.0269408,0.814951,0.80978,0.0629304,398,"False",0.13538604556962,1.038036504188e-14,1.68484293492594e-13,0.745817400720349,0.746758466375359,0.197119682601069,0.00442334252641151,0.195803052907298,0.0702013129310858,0.191449865455824,0.358392089182732,0.940993839305649
"ELF3","ELF3","MA0640.2","1.91017",0.0273571,0.824877,0.820002,0.052655,398,"False",0.136022125,NA,NA,NA,NA,NA,NA,NA,NA,NA,NA,NA
"NR5A1","NR5A1","MA1540.1","1.91108",0.02741,0.850134,0.845569,0.0452013,398,"False",0.136022125,NA,NA,NA,NA,NA,NA,NA,NA,NA,NA,NA
"OSR1","OSR1","MA1542.1","1.89379",0.0285686,0.838061,0.833809,0.0409017,398,"False",0.140891108074534,NA,NA,NA,NA,NA,NA,NA,NA,NA,NA,NA
"Zic1","Zic1::Zic2","MA1628.1","1.88656",0.0290729,0.874702,0.869542,0.0486282,398,"False",0.141618911656442,NA,NA,NA,NA,NA,NA,NA,NA,NA,NA,NA
"Zic2","Zic1::Zic2","MA1628.1","1.88656",0.0290729,0.874702,0.869542,0.0486282,398,"False",0.141618911656442,NA,NA,NA,NA,NA,NA,NA,NA,NA,NA,NA
"TCF12","TCF12","MA1648.1","1.87141",0.0300994,0.876814,0.871576,0.0496296,398,"False",0.145725143902439,1.14844868652337e-26,1.94160295617533e-19,0.975640635699018,0.97567972998305,0.0489128967325426,4.61861471071068e-05,0.079331704950306,NA,NA,NA,NA
"RUNX2","RUNX2","MA0511.2","1.86139",0.0306553,0.835288,0.830783,0.0479799,398,"False",0.147517019393939,0.607793932449425,0.443187089076673,NA,NA,NA,0.0906038518050832,0.202998133535586,NA,NA,NA,NA
"ZNF263","ZNF263","MA0528.2","1.79209",0.0360116,0.862285,0.856546,0.0540896,398,"False",0.172248255421687,2.1336336257577e-06,0.00371841497455578,0.998954021124132,0.998952831337921,0.000738860930859871,0.144383502857773,0.0955152407690591,NA,NA,NA,NA
"NR2C1","NR2C1","MA1535.1","1.74668",0.039583,0.915105,0.9102,0.0545137,398,"False",0.188197017964072,8.75688545383307e-14,1.00605876035474e-08,0.91925870320238,0.919212573584224,0.138216935421685,0.0220593223666785,0.989884433186892,NA,NA,NA,NA
"NFKB2","NFKB2","MA0778.1","1.73317",0.0407913,0.760633,0.755761,0.0533173,398,"False",0.192787453571429,NA,NA,NA,NA,NA,NA,NA,NA,NA,NA,NA
"TFCP2","TFCP2","MA0145.3","1.6868",0.0449519,0.806855,0.802875,0.0472093,398,"False",0.211194133727811,3.74344267405104e-31,4.43081618499216e-19,0.761179149151785,0.761823568083337,0.0582233128502824,0.934963097070574,0.0551269990870762,0.0251477256029478,0.944774203873867,0.634643131213362,0.37280040862694
"TP73","TP73","MA0861.1","1.65999",0.0473853,0.745916,0.74256,0.0443086,398,"False",0.221317224705882,NA,NA,NA,NA,NA,NA,NA,NA,NA,NA,NA
"FOSL1","FOSL1::JUN","MA1129.1","1.6215",0.0513282,0.770128,0.765238,0.0663854,398,"False",0.236945295348837,NA,NA,NA,NA,NA,NA,NA,NA,NA,NA,NA
"JUN","FOSL1::JUN","MA1129.1","1.6215",0.0513282,0.770128,0.765238,0.0663854,398,"False",0.236945295348837,1.508912433933e-17,2.46806570041244e-14,0.884159232342222,0.883946268755348,0.053288392672907,0.000533383968000846,0.112885154565561,NA,NA,NA,NA
"ATF7","ATF7","MA0834.1","1.59768",0.0538844,0.732598,0.727749,0.0673675,398,"False",0.247307593063584,1.19713507804516e-18,2.97586175635232e-13,0.469724658623159,0.467914494535996,0.212172242379695,0.00767592016771241,0.654366612640223,NA,NA,NA,NA
"VEZF1","VEZF1","MA1578.1","1.59308",0.0548483,0.87239,0.867548,0.0528202,398,"False",0.250284771264368,0.0277479997636289,0.00160310504140279,0.477578709487175,0.475465252955394,0.922890869543507,0.480990793380952,0.831761673928345,NA,NA,NA,NA
"NFYA","NFYA","MA0060.3","1.58676",0.0552034,0.823973,0.818924,0.0674279,398,"False",0.250465712,0.775960584444909,0.556285015749876,NA,NA,NA,0.541937904052692,0.101552276930383,NA,NA,NA,NA
"THRB","THRB","MA1574.1","1.53779",0.0608892,0.801519,0.798607,0.0406571,398,"False",0.274693322727273,5.10758339474485e-34,1.40542546460136e-20,0.967244994156188,0.967170446917402,-0.0521827503267828,2.56519382902382e-06,0.12664685122579,NA,NA,NA,NA
"GLI2","GLI2","MA0734.2","1.52246",0.0630481,0.768154,0.764694,0.0426186,398,"False",0.282825940112994,NA,NA,NA,NA,NA,NA,NA,NA,NA,NA,NA
"E2F7","E2F7","MA0758.1","1.51128",0.0643043,0.695069,0.69133,0.0500087,398,"False",0.286840529213483,NA,NA,NA,NA,NA,NA,NA,NA,NA,NA,NA
"Pax2","Pax2","MA0067.1","1.49974",0.0657833,0.92945,0.926513,0.0394688,398,"False",0.291798548603352,NA,NA,NA,NA,NA,NA,NA,NA,NA,NA,NA
"FOSB","FOSB::JUNB","MA1136.1","1.48704",0.0672025,0.784533,0.780211,0.0645848,398,"False",0.294799917127072,8.56054440470904e-08,2.98121772660672e-05,0.71124075201496,0.711796860031434,0.382800627842788,0.0353505966798426,0.395907333132911,0.847372963419524,0.411341869507962,NA,0.822827959564133
"JUNB","FOSB::JUNB","MA1136.1","1.48704",0.0672025,0.784533,0.780211,0.0645848,398,"False",0.294799917127072,6.71748920319628e-11,3.8155471366722e-09,0.758629649188065,0.75942229034888,0.154754981778615,0.00544929074912458,0.15167485229194,NA,NA,NA,NA
"TCF3","TCF3","MA0522.3","1.47263",0.0695963,0.875805,0.871721,0.0489434,398,"False",0.303623418681319,0.177419248886588,0.511849127548809,NA,NA,NA,0.714955881036476,0.36917205273233,NA,NA,NA,NA
"MYBL1","MYBL1","MA0776.1","1.41281",0.0777381,0.746223,0.74297,0.0461081,398,"False",0.337289898360656,0.0193878186877821,0.203883240398383,0.760953611767452,0.761748681080659,0.165464465792369,0.705906659523527,0.612256595281868,NA,NA,NA,NA
"SPIB","SPIB","MA0081.2","1.38672",0.0814885,0.781224,0.777921,0.0504765,398,"False",0.351640592391304,NA,NA,NA,NA,NA,NA,NA,NA,NA,NA,NA
"NR1I2","NR1I2","MA1533.1","1.37065",0.0840979,0.787774,0.785427,0.0342036,398,"False",0.360939095135135,NA,NA,NA,NA,NA,NA,NA,NA,NA,NA,NA
"NR2F1","NR2F1","MA0017.2","1.35436",0.0866638,0.813248,0.809668,0.0525921,398,"False",0.369951920430107,1.80198963569957e-17,5.46503456467672e-12,0.91925870320238,0.919212573584224,0.12308838345629,0.0173940278372982,0.205997439544527,0.799550889518174,0.481015447230776,NA,0.464684454990333
"FERD3L","FERD3L","MA1485.1","1.33355",0.0900776,0.773258,0.770135,0.0453214,398,"False",0.382468526203209,NA,NA,NA,NA,NA,NA,NA,NA,NA,NA,NA
"GLI3","GLI3","MA1491.1","1.32177",0.09211,0.78563,0.782675,0.0413847,398,"False",0.389017765957447,NA,NA,NA,NA,NA,NA,NA,NA,NA,NA,NA
"NFYC","NFYC","MA1644.1","1.31617",0.0927253,0.82198,0.817713,0.0687724,398,"False",0.389544382010582,2.6570997102148e-31,2.17381853874921e-15,0.931056809246814,0.931195297025472,0.00364026893210504,0.0241388485672889,0.832506742625159,0.952164790392463,0.918547219404385,NA,0.745821975550354
"ATF3","ATF3","MA0605.2","1.26847",0.10078,0.741691,0.737623,0.0720485,398,"False",0.421154315789474,NA,NA,NA,NA,NA,NA,NA,NA,NA,NA,NA
"THAP1","THAP1","MA0597.1","1.2555",0.103653,0.923579,0.921664,0.0275215,398,"False",0.430194989583333,5.34214622809169e-10,1.83856902102353e-10,0.558911057735706,0.558116959788681,0.368914132624095,0.325943317343993,0.566191505167507,NA,NA,NA,NA
"MITF","MITF","MA0620.3","1.25089",0.104027,0.754777,0.751349,0.0598359,398,"False",0.430194989583333,2.48501391212383e-16,4.84949217029008e-14,0.506366456588456,0.50451349704216,0.370284508564867,6.92228063150848e-06,0.00464856371391021,NA,NA,NA,NA
"NR2C2","NR2C2","MA1536.1","1.21951",0.110179,0.949198,0.947009,0.0344917,398,"False",0.453275264248705,0.0672280242870101,0.434282635590338,NA,NA,NA,0.0268655493773719,0.643799525709974,0.791453766976742,0.832682418542537,NA,0.811558803946183
"THRB","THRB","MA1575.1","1.17384",0.119017,0.741498,0.739063,0.0406488,398,"False",0.48711081443299,5.10758339474485e-34,1.40542546460136e-20,0.967244994156188,0.967170446917402,-0.0521827503267828,2.56519382902382e-06,0.12664685122579,NA,NA,NA,NA
"PAX3","PAX3","MA1546.1","1.15333",0.12298,0.751184,0.749015,0.0395854,398,"False",0.499361183673469,NA,NA,NA,NA,NA,NA,NA,NA,NA,NA,NA
"ETV4","ETV4","MA0764.2","1.15279",0.123268,0.887396,0.883767,0.0619603,398,"False",0.499361183673469,1.62709142458802e-06,5.67783109161382e-08,0.652682491089264,0.651497012715713,0.289474612371576,0.0743222512298806,0.226263795227686,NA,NA,NA,NA
"NFKB1","NFKB1","MA0105.4","1.14975",0.124006,0.725243,0.722064,0.0518372,398,"False",0.49980083248731,7.96434248710725e-37,1.3710717056212e-22,0.652682491089264,0.651497012715713,0.0400672732004047,6.42213577310839e-10,0.00866341841448702,0.523118531057797,0.919703624975877,NA,0.748844156377275
"GCM2","GCM2","MA0767.1","1.12852",0.12839,0.837638,0.835222,0.0407608,398,"False",0.514856868686869,NA,NA,NA,NA,NA,NA,NA,NA,NA,NA,NA
"ESR1","ESR1","MA0112.3","1.11685",0.1308,0.717599,0.715143,0.0430294,398,"False",0.521885427135678,0.000160127592785165,0.620936199705528,0.635858440247454,0.635012071511032,-1.23151048308644,0.806268154080142,0.901763669611147,NA,NA,NA,NA
"Wt1","Wt1","MA1627.1","1.11041",0.132507,0.832304,0.828844,0.0522598,398,"False",0.52605279,NA,NA,NA,NA,NA,NA,NA,NA,NA,NA,NA
"MYBL2","MYBL2","MA0777.1","1.09124",0.1362,0.714191,0.71184,0.044617,398,"False",0.538023880597015,NA,NA,NA,NA,NA,NA,NA,NA,NA,NA,NA
"RARB","RARB","MA1552.1","1.07894",0.13917,0.756778,0.754601,0.0378477,398,"False",0.543594196078431,1.25264900713864e-25,3.67155559182302e-15,0.901780972680992,0.901828780377279,-0.0129456398305648,5.95942241055154e-07,0.0464123163054813,NA,NA,NA,NA
"FOSB","FOSB::JUN","MA1127.1","1.07499",0.139664,0.756894,0.753617,0.066207,398,"False",0.543594196078431,8.56054440470904e-08,2.98121772660672e-05,0.71124075201496,0.711796860031434,0.382800627842788,0.0353505966798426,0.395907333132911,0.847372963419524,0.411341869507962,NA,0.822827959564133
"JUN","FOSB::JUN","MA1127.1","1.07499",0.139664,0.756894,0.753617,0.066207,398,"False",0.543594196078431,1.508912433933e-17,2.46806570041244e-14,0.884159232342222,0.883946268755348,0.053288392672907,0.000533383968000846,0.112885154565561,NA,NA,NA,NA
"NR4A2","NR4A2","MA0160.1","1.05733",0.14383,0.895941,0.893566,0.0458215,398,"False",0.557078146341463,8.22171152730547e-07,4.30680308680487e-05,0.912916967293001,0.912778058140009,0.0165990800493725,0.0238297153792863,0.0632905353796364,NA,NA,NA,NA
"NR2F1","NR2F1","MA1537.1","0.995293",0.158249,0.755581,0.753464,0.0463803,398,"False",0.609950029126214,1.80198963569957e-17,5.46503456467672e-12,0.91925870320238,0.919212573584224,0.12308838345629,0.0173940278372982,0.205997439544527,0.799550889518174,0.481015447230776,NA,0.464684454990333
"FOSL2","FOSL2::JUND","MA1145.1","0.985943",0.160486,0.759283,0.756443,0.0637385,398,"False",0.610215466666667,1.68952392523563e-13,1.56217936212365e-11,0.449693635549799,0.448388864110944,0.43770832842198,0.134313724504998,0.517912131847065,NA,NA,NA,NA
"JUND","FOSL2::JUND","MA1145.1","0.985943",0.160486,0.759283,0.756443,0.0637385,398,"False",0.610215466666667,1.038036504188e-14,1.68484293492594e-13,0.745817400720349,0.746758466375359,0.197119682601069,0.00442334252641151,0.195803052907298,0.0702013129310858,0.191449865455824,0.358392089182732,0.940993839305649
"MZF1","MZF1","MA0057.1","0.985916",0.160848,0.911901,0.909997,0.0376935,398,"False",0.610215466666667,0.00069309332204974,0.00573401190399135,NA,0.817979153094259,NA,0.386032968488004,0.0925578408036219,NA,NA,NA,NA
"IRF7","IRF7","MA0772.1","0.983666",0.161392,0.76313,0.760339,0.0555754,398,"False",0.610215466666667,NA,NA,NA,NA,NA,NA,NA,NA,NA,NA,NA
"SMAD5","SMAD5","MA1557.1","0.944969",0.171164,0.783873,0.781728,0.0431688,398,"False",0.64409581042654,1.5093285146272e-09,1.15582590482984e-06,0.626772139611538,0.625885422008514,0.068683954022882,0.000713827666029021,0.148667718429117,0.803897461509383,0.88419765785745,NA,0.939363979738092
"GCM1","GCM1","MA0646.1","0.93333",0.174098,0.806722,0.804757,0.0409644,398,"False",0.652046283018868,NA,NA,NA,NA,NA,NA,NA,NA,NA,NA,NA
"BHLHE22","BHLHE22","MA1635.1","0.930068",0.174928,0.861742,0.85853,0.0675867,398,"False",0.652079023474178,1.08592939769907e-09,1.23937399881883e-05,0.657835217885001,0.657422073546596,0.145725891314566,0.0969321674405569,0.367735263704764,NA,NA,NA,NA
"NHLH1","NHLH1","MA0048.2","0.922062",0.177037,0.831382,0.828809,0.0540137,398,"False",0.656856906542056,NA,NA,NA,NA,NA,NA,NA,NA,NA,NA,NA
"RFX7","RFX7","MA1554.1","0.91433",0.179004,0.886181,0.884452,0.0374688,398,"False",0.660755037037037,2.98300544933638e-38,6.61451932992859e-20,0.924188913801668,0.924413226991991,-0.0568422777975948,3.22095803488398e-06,0.0577687975616189,NA,NA,NA,NA
"TFAP2A","TFAP2A","MA0003.4","0.912448",0.179752,0.821233,0.81862,0.0507536,398,"False",0.660755037037037,NA,NA,NA,NA,NA,NA,NA,NA,NA,NA,NA
"HSF4","HSF4","MA0771.1","0.883885",0.187146,0.783984,0.781862,0.0470498,398,"False",0.684764626728111,0.339886113605823,0.231724262538733,NA,NA,NA,0.492293391738089,0.866371341534048,NA,NA,NA,NA
"TP63","TP63","MA0525.2","0.829621",0.201775,0.698432,0.696725,0.0463218,398,"False",0.734905275229358,NA,NA,NA,NA,NA,NA,NA,NA,NA,NA,NA
"Nr2f6","Nr2f6","MA0728.1","0.811598",0.207267,0.714949,0.713006,0.0476916,398,"False",0.751461178082192,1.75691153252348e-22,1.70572455016578e-16,0.76408748660949,0.764737337611092,0.0895751864032056,0.000797840964832625,0.124128296371039,NA,NA,NA,NA
"JDP2","JDP2","MA0656.1","0.738955",0.22855,0.740806,0.738511,0.0672445,398,"False",0.817537450450451,6.07058512732463e-14,0.0025589437965704,0.646057403289582,0.645292575717164,-0.485302731149732,0.903415981809956,0.237737659518654,NA,NA,NA,NA
"FOSL2","FOSL2::JUN","MA1131.1","0.738922",0.228581,0.779793,0.777587,0.0641675,398,"False",0.817537450450451,1.68952392523563e-13,1.56217936212365e-11,0.449693635549799,0.448388864110944,0.43770832842198,0.134313724504998,0.517912131847065,NA,NA,NA,NA
"JUN","FOSL2::JUN","MA1131.1","0.738922",0.228581,0.779793,0.777587,0.0641675,398,"False",0.817537450450451,1.508912433933e-17,2.46806570041244e-14,0.884159232342222,0.883946268755348,0.053288392672907,0.000533383968000846,0.112885154565561,NA,NA,NA,NA
"ZNF528","ZNF528","MA1597.1","0.705208",0.23926,0.707891,0.70641,0.0401725,398,"False",0.851894349775785,0.00393706665802334,0.443821246333305,NA,NA,NA,0.223673847461775,0.0608339735272258,NA,NA,NA,NA
"PAX9","PAX9","MA0781.1","0.696069",0.242144,0.723864,0.722568,0.0352117,398,"False",0.858314,NA,NA,NA,NA,NA,NA,NA,NA,NA,NA,NA
"REL","REL","MA0101.1","0.689355",0.244187,0.87127,0.869717,0.0440017,398,"False",0.861708791111111,0.00048444919955376,0.0253141395958924,NA,NA,NA,0.408771683188231,0.749612021106502,0.855909714634138,0.825188804646378,NA,0.64721327574003
"HNF4A","HNF4A","MA1494.1","0.677531",0.247571,0.729146,0.727653,0.0495479,398,"False",0.869367039647577,NA,NA,NA,NA,NA,NA,NA,NA,NA,NA,NA
"NR2F1","NR2F1","MA1538.1","0.675262",0.248547,0.738185,0.736735,0.0438863,398,"False",0.869367039647577,1.80198963569957e-17,5.46503456467672e-12,0.91925870320238,0.919212573584224,0.12308838345629,0.0173940278372982,0.205997439544527,0.799550889518174,0.481015447230776,NA,0.464684454990333
"NR4A2","NR4A2::RXRA","MA1147.1","0.663539",0.252183,0.774773,0.773537,0.0398534,398,"False",0.874381231441048,8.22171152730547e-07,4.30680308680487e-05,0.912916967293001,0.912778058140009,0.0165990800493725,0.0238297153792863,0.0632905353796364,NA,NA,NA,NA
"RXRA","NR4A2::RXRA","MA1147.1","0.663539",0.252183,0.774773,0.773537,0.0398534,398,"False",0.874381231441048,0.0253397830817513,0.0696143243971587,NA,NA,NA,0.175594717197463,0.771439033779531,0.869219483424042,0.375971903073589,NA,0.613913242363343
"ZKSCAN5","ZKSCAN5","MA1652.1","0.65638",0.254657,0.823065,0.821351,0.0521187,398,"False",0.879120252173913,0.110892044539739,0.000191255234949503,0.411962591228394,0.411062723192047,1.20252391266798,0.81334312862139,0.333562962947029,NA,NA,NA,NA
"IRF3","IRF3","MA1418.1","0.62984",0.263269,0.706501,0.705022,0.0473984,398,"False",0.904915956709957,4.00192825058308e-10,3.93556393899299e-05,0.866209032566169,0.865583112869335,0.0752675538379874,0.363898360955554,0.676474694026898,0.205343653788761,0.887135514073418,NA,0.322061109122224
"NR2F6","NR2F6","MA1539.1","0.60561",0.2713,0.723376,0.722049,0.0439006,398,"False",0.928500862068966,1.75691153252348e-22,1.70572455016578e-16,0.76408748660949,0.764737337611092,0.0895751864032056,0.000797840964832625,0.124128296371039,NA,NA,NA,NA
"ZNF341","ZNF341","MA1655.1","0.599113",0.273468,0.82362,0.822091,0.051154,398,"False",0.93190382832618,4.53740455211426e-09,0.000417379551169939,0.976924270193246,0.9770377575368,-0.0966931420916563,0.808525216542868,0.389353524800155,NA,NA,NA,NA
"Creb5","Creb5","MA0840.1","0.571133",0.282729,0.758152,0.756349,0.0684133,398,"False",0.95934541025641,2.99205264507109e-09,0.00364927013594748,0.463742187698846,0.46252417777403,-0.287600057187086,0.757355977974038,0.537178093084066,NA,NA,NA,NA
"CEBPG","CEBPG","MA0838.1","0.554556",0.288609,0.776799,0.775369,0.0507625,398,"False",0.975129982978723,0.000137563926801565,0.000487892093467464,0.761784691042324,0.762430868162488,0.389663137417563,0.159244051803056,0.196821930139563,NA,NA,NA,NA
"NR6A1","NR6A1","MA1541.1","0.546807",0.291159,0.749322,0.748165,0.0440515,398,"False",0.979577313559322,1.97639121914559e-35,1.64976832681212e-22,0.945562233606875,0.945227480076784,-0.00300034573740259,2.35267381772587e-06,0.241373223262733,NA,NA,NA,NA
"RXRB","RXRB","MA1555.1","0.52938",0.29742,0.76487,0.763751,0.0392035,398,"False",0.996419746835443,1.40356729968399e-18,3.13227976456097e-16,0.995053028885178,0.995046676761033,0.0201688542219324,0.000115502086074353,0.0331724318473017,0.894678186692443,0.740348763803248,NA,0.186692079591988
"EWSR1-FLI1","EWSR1-FLI1","MA0149.1","0.50566",0.305742,0.690134,0.688734,0.0508399,398,"False",1,NA,NA,NA,NA,NA,NA,NA,NA,NA,NA,NA
"ESRRA","ESRRA","MA0592.3","0.503102",0.306464,0.777563,0.776198,0.0550789,398,"False",1,0.00596966675024903,0.0864422986555536,NA,NA,NA,0.510569798705066,0.872661939513725,NA,NA,NA,NA
"RARA","RARA","MA0729.1","0.492825",0.310175,0.695465,0.694408,0.0418369,398,"False",1,0.00198338332342482,0.345129403687738,NA,NA,NA,0.113297939708661,0.166218112366803,NA,NA,NA,NA
"USF2","USF2","MA0526.3","0.489337",0.31127,0.772982,0.771632,0.0580089,398,"False",1,3.19558273549431e-06,1.90104308469746e-05,0.578811190330383,0.578141108685494,0.303230700452237,0.307337148683604,0.474613807800403,0.771831492538047,0.764865362847491,NA,0.781325786974311
"RXRB","RXRB","MA0855.1","0.480827",0.314252,0.720843,0.719728,0.0499261,398,"False",1,1.40356729968399e-18,3.13227976456097e-16,0.995053028885178,0.995046676761033,0.0201688542219324,0.000115502086074353,0.0331724318473017,0.894678186692443,0.740348763803248,NA,0.186692079591988
"NFIX","NFIX","MA1528.1","0.476352",0.316143,0.757951,0.756761,0.0458268,398,"False",1,0.974600751155988,0.567303693083187,NA,NA,NA,0.496482882890759,0.297268147770788,0.592725020705605,0.797645012911524,NA,0.568331479394774
"JUN","JUN::JUNB","MA1133.1","0.470208",0.318035,0.771748,0.770415,0.0615881,398,"False",1,1.508912433933e-17,2.46806570041244e-14,0.884159232342222,0.883946268755348,0.053288392672907,0.000533383968000846,0.112885154565561,NA,NA,NA,NA
"JUNB","JUN::JUNB","MA1133.1","0.470208",0.318035,0.771748,0.770415,0.0615881,398,"False",1,6.71748920319628e-11,3.8155471366722e-09,0.758629649188065,0.75942229034888,0.154754981778615,0.00544929074912458,0.15167485229194,NA,NA,NA,NA
"SPIC","SPIC","MA0687.1","0.463145",0.320586,0.804846,0.803793,0.0491121,398,"False",1,NA,NA,NA,NA,NA,NA,NA,NA,NA,NA,NA
"MYOG","MYOG","MA0500.2","0.456631",0.323157,0.829222,0.827764,0.0611467,398,"False",1,NA,NA,NA,NA,NA,NA,NA,NA,NA,NA,NA
"Rarb","Rarb","MA0857.1","0.450308",0.325355,0.684935,0.683853,0.0484658,398,"False",1,1.25264900713864e-25,3.67155559182302e-15,0.901780972680992,0.901828780377279,-0.0129456398305648,5.95942241055154e-07,0.0464123163054813,NA,NA,NA,NA
"RARA","RARA::RXRG","MA1149.1","0.443388",0.32803,0.79161,0.790771,0.034367,398,"False",1,0.00198338332342482,0.345129403687738,NA,NA,NA,0.113297939708661,0.166218112366803,NA,NA,NA,NA
"RXRG","RARA::RXRG","MA1149.1","0.443388",0.32803,0.79161,0.790771,0.034367,398,"False",1,NA,NA,NA,NA,NA,NA,NA,NA,NA,NA,NA
"NFIB","NFIB","MA1643.1","0.434582",0.331213,0.712747,0.711735,0.0428555,398,"False",1,2.76041232459528e-06,0.00261171497090371,0.910305477792421,0.910133394111883,-0.143726495996904,0.00294256995341954,0.023536031574272,0.896955827225468,0.930000392928549,NA,0.3065180495707
"Rxra","Rxra","MA0512.2","0.381082",0.350675,0.723805,0.722924,0.0500898,398,"False",1,0.0253397830817513,0.0696143243971587,NA,NA,NA,0.175594717197463,0.771439033779531,0.869219483424042,0.375971903073589,NA,0.613913242363343
"HOXD13","HOXD13","MA0909.2","0.370639",0.354681,0.810188,0.809276,0.0501066,398,"False",1,NA,NA,NA,NA,NA,NA,NA,NA,NA,NA,NA
"PPARD","PPARD","MA1550.1","0.362286",0.357708,0.753602,0.75284,0.0456693,398,"False",1,2.8822219458761e-20,7.68761439241699e-08,0.756631416349787,0.757421969691338,-0.241915458345266,0.11241334823321,0.669311728762976,NA,NA,NA,NA
"Nr5a2","Nr5a2","MA0505.1","0.358444",0.359236,0.779591,0.778761,0.0477742,398,"False",1,NA,NA,NA,NA,NA,NA,NA,NA,NA,NA,NA
"NR1H4","NR1H4::RXRA","MA1146.1","0.350276",0.362289,0.758357,0.757709,0.0387451,398,"False",1,NA,NA,NA,NA,NA,NA,NA,NA,NA,NA,NA
"RXRA","NR1H4::RXRA","MA1146.1","0.350276",0.362289,0.758357,0.757709,0.0387451,398,"False",1,0.0253397830817513,0.0696143243971587,NA,NA,NA,0.175594717197463,0.771439033779531,0.869219483424042,0.375971903073589,NA,0.613913242363343
"HOXA9","HOXA9","MA0594.2","0.330223",0.369982,0.859966,0.859193,0.0454517,398,"False",1,NA,NA,NA,NA,NA,NA,NA,NA,NA,NA,NA
"OSR2","OSR2","MA1646.1","0.320497",0.373672,0.839437,0.838609,0.0504324,398,"False",1,NA,NA,NA,NA,NA,NA,NA,NA,NA,NA,NA
"FOSL2","FOSL2::JUNB","MA1139.1","0.313164",0.376311,0.749558,0.74857,0.0689488,398,"False",1,1.68952392523563e-13,1.56217936212365e-11,0.449693635549799,0.448388864110944,0.43770832842198,0.134313724504998,0.517912131847065,NA,NA,NA,NA
"JUNB","FOSL2::JUNB","MA1139.1","0.313164",0.376311,0.749558,0.74857,0.0689488,398,"False",1,6.71748920319628e-11,3.8155471366722e-09,0.758629649188065,0.75942229034888,0.154754981778615,0.00544929074912458,0.15167485229194,NA,NA,NA,NA
"OVOL1","OVOL1","MA1544.1","0.296612",0.382764,0.74797,0.747231,0.0500858,398,"False",1,NA,NA,NA,NA,NA,NA,NA,NA,NA,NA,NA
"EBF3","EBF3","MA1637.1","0.287375",0.386383,0.800448,0.799623,0.0542826,398,"False",1,0.0115985378699752,4.35125036282998e-05,0.711789076479266,0.71235248031676,0.544053647477009,0.787179808964753,0.859225108619946,NA,NA,NA,NA
"RXRG","RXRG","MA0856.1","0.279657",0.389198,0.730509,0.729869,0.0493443,398,"False",1,NA,NA,NA,NA,NA,NA,NA,NA,NA,NA,NA
"NFIX","NFIX","MA0671.1","0.261007",0.396552,0.930724,0.93025,0.034542,398,"False",1,0.974600751155988,0.567303693083187,NA,NA,NA,0.496482882890759,0.297268147770788,0.592725020705605,0.797645012911524,NA,0.568331479394774
"RREB1","RREB1","MA0073.1","0.245418",0.402621,0.796107,0.795519,0.0447163,398,"False",1,0.000658418243703937,0.520509706244415,0.918712069480626,0.918588600978628,-0.340794378381442,0.0402862718392689,0.0642708474040949,NA,NA,NA,NA
"SREBF1","SREBF1","MA0595.1","0.226014",0.410126,0.853005,0.852476,0.0465482,398,"False",1,1.11092046160666e-09,0.000665052669653175,0.694072735950746,0.694013065239297,-0.0355155355693743,0.149350754460139,0.970416977892136,NA,NA,NA,NA
"USF1","USF1","MA0093.3","0.20036",0.420134,0.772527,0.771984,0.0568637,398,"False",1,0.000316080582545852,0.230703134528835,0.63754577989616,0.636964426425965,-1.05191082418382,0.199496313268466,0.133983961692822,NA,NA,NA,NA
"TP53","TP53","MA0106.3","0.168244",0.432816,0.708252,0.707924,0.0401919,398,"False",1,0.0856611584776267,0.206280298465481,NA,0.932887607650947,NA,0.169939845342364,0.217697839327482,NA,NA,NA,NA
"PAX1","PAX1","MA0779.1","0.16234",0.435221,0.74876,0.74848,0.0321388,398,"False",1,NA,NA,NA,NA,NA,NA,NA,NA,NA,NA,NA
"SPI1","SPI1","MA0080.5","0.132531",0.446978,0.751655,0.751331,0.0506634,398,"True",1,0.604285067693863,0.0291984829662218,0.317477493334409,0.315235850360703,1.37816353389768,0.992004698907833,0.748812207379998,NA,NA,NA,NA
"Rarg","Rarg","MA0859.1","0.132476",0.447027,0.703897,0.703576,0.0479351,398,"False",1,0.222390755312854,0.256626522136652,NA,NA,NA,0.16061188899306,0.326576445258863,NA,NA,NA,NA
"HIC2","HIC2","MA0738.1","0.126245",0.449508,0.905156,0.90489,0.0413872,398,"False",1,1.15124985051837e-25,6.94873392662147e-15,0.950287565239612,0.95017302910977,-0.0262738389852599,0.709731690321088,0.235210329459078,NA,NA,NA,NA
"TCF21","TCF21","MA1568.1","0.122573",0.450998,0.810665,0.810428,0.0357997,398,"False",1,NA,NA,NA,NA,NA,NA,NA,NA,NA,NA,NA
"ASCL1","ASCL1","MA1631.1","0.122062",0.451211,0.840694,0.840361,0.0495237,398,"False",1,NA,NA,NA,NA,NA,NA,NA,NA,NA,NA,NA
"Tcf12","Tcf12","MA0521.1","0.110527",0.455782,0.863958,0.863658,0.051727,398,"False",1,1.14844868652337e-26,1.94160295617533e-19,0.975640635699018,0.97567972998305,0.0489128967325426,4.61861471071068e-05,0.079331704950306,NA,NA,NA,NA
"RARG","RARG","MA1553.1","0.072455",0.470976,0.741504,0.741353,0.0400722,398,"False",1,0.222390755312854,0.256626522136652,NA,NA,NA,0.16061188899306,0.326576445258863,NA,NA,NA,NA
"Nr2f6","Nr2f6","MA0677.1","0.0592515",0.476225,0.744495,0.744364,0.0481405,398,"False",1,1.75691153252348e-22,1.70572455016578e-16,0.76408748660949,0.764737337611092,0.0895751864032056,0.000797840964832625,0.124128296371039,NA,NA,NA,NA
"FOS","FOS::JUN","MA1126.1","0.0157648",0.493668,0.74865,0.74861,0.0569412,398,"False",1,1.61553907596238e-07,0.00104150169983918,0.557525972716661,0.555916968654112,0.164952456643663,0.706569654479933,NA,NA,NA,NA,NA
"JUN","FOS::JUN","MA1126.1","0.0157648",0.493668,0.74865,0.74861,0.0569412,398,"False",1,1.508912433933e-17,2.46806570041244e-14,0.884159232342222,0.883946268755348,0.053288392672907,0.000533383968000846,0.112885154565561,NA,NA,NA,NA
"IKZF1","IKZF1","MA1508.1","-0.00509361",0.502043,0.831152,0.831165,0.0537684,398,"False",1,NA,NA,NA,NA,NA,NA,NA,NA,NA,NA,NA
"RELA","RELA","MA0107.1","-0.0119085",0.504775,0.826165,0.826197,0.0522302,398,"False",1,0.0149342318487538,0.34873178822299,NA,NA,NA,0.213890538881729,0.5892990649623,0.764179229244763,0.757734823942369,NA,0.253616892383303
"TCF4","TCF4","MA0830.2","-0.0120277",0.504819,0.838884,0.838917,0.0495784,398,"False",1,8.69975689992977e-24,4.12823011915509e-13,0.839774834906972,0.839286757914495,-0.167472857101405,0.00311919274044853,0.410565729578502,0.182531091273304,0.411341869507962,NA,0.850006570101992
"Zic2","Zic2","MA1629.1","-0.0683768",0.52739,0.804719,0.804892,0.0480375,398,"False",1,NA,NA,NA,NA,NA,NA,NA,NA,NA,NA,NA
"THRB","THRB","MA1576.1","-0.0997894",0.539961,0.737865,0.738049,0.0370534,398,"False",1,5.10758339474485e-34,1.40542546460136e-20,0.967244994156188,0.967170446917402,-0.0521827503267828,2.56519382902382e-06,0.12664685122579,NA,NA,NA,NA
"IRF2","IRF2","MA0051.1","-0.101107",0.540494,0.75291,0.753151,0.048826,398,"False",1,1.69101938811262e-24,3.21702300861233e-13,0.559070884624173,0.558290839809761,0.00933949870223894,0.0029176348443526,0.749612021106502,NA,NA,NA,NA
"ZNF143","ZNF143","MA0088.2","-0.115864",0.546429,0.746225,0.746474,0.0480621,398,"False",1,1.50915867598267e-08,6.60903459385466e-05,0.669734388517411,0.669123427292827,-0.0627560425801016,0.0373251780199049,0.718399735823629,NA,NA,NA,NA
"Npas2","Npas2","MA0626.1","-0.134671",0.553822,0.840137,0.840522,0.0541601,398,"False",1,4.93859894245086e-32,6.35153691191788e-17,0.953314410283566,0.953207099421171,0.0580864400737053,0.00663086933488604,0.997662594568194,NA,NA,NA,NA
"INSM1","INSM1","MA0155.1","-0.161676",0.564513,0.856707,0.857047,0.0389408,398,"False",1,4.67605983268147e-05,0.000115764373529393,0.886109382915765,0.886017847228863,0.216262399520028,0.0955055753730643,0.218373413413307,NA,NA,NA,NA
"Prdm15","Prdm15","MA1616.1","-0.187811",0.574859,0.774237,0.774667,0.0442736,398,"False",1,1.29736271340443e-08,0.00675764322426315,0.807196198565776,0.807110192083218,-0.277193572355598,0.964842607994082,0.318438546430689,NA,NA,NA,NA
"Znf281","Znf281","MA1630.1","-0.189145",0.575306,0.818787,0.819408,0.0565596,398,"False",1,2.11405433609988e-13,4.2843080532503e-08,0.785779246029735,0.785754447255854,0.185192801923166,0.779560778088427,0.897809277403699,NA,NA,NA,NA
"NEUROD2","NEUROD2","MA0668.1","-0.199865",0.579557,0.849554,0.849938,0.035043,398,"False",1,0.599768848394794,0.144375458802089,NA,NA,NA,0.995151078025698,0.855341578350557,NA,NA,NA,NA
"Stat4","Stat4","MA0518.1","-0.207188",0.582464,0.832223,0.832738,0.0473569,398,"False",1,0.0011204008404771,0.0445127822399111,NA,NA,NA,0.0166766940844853,0.00986682438400502,0.503883329259353,0.705441191452699,NA,0.129036432063251
"ESR2","ESR2","MA0258.2","-0.23207",0.592199,0.799675,0.800151,0.0390477,398,"False",1,0.0229584522941577,0.000452765461234045,0.559070884624173,0.558290839809761,0.762765792734755,0.84541352720504,0.428400896345096,NA,NA,NA,NA
"SOX18","SOX18","MA1563.1","-0.235079",0.593332,0.919077,0.919466,0.030065,398,"False",1,NA,NA,NA,NA,NA,NA,NA,NA,NA,NA,NA
"Smad4","Smad4","MA1153.1","-0.238612",0.594812,0.855137,0.855839,0.0597573,398,"False",1,1.94554072914142e-11,8.85755138270248e-09,0.787533504463605,0.787374581503896,0.196713553990633,0.269974084972642,0.718479866478671,0.000136563971243083,0.497430855397399,0.319833398128021,0.00157033366263951
"CLOCK","CLOCK","MA0819.1","-0.266051",0.605383,0.807748,0.808379,0.0443776,398,"False",1,5.56016144806127e-21,1.63946034628365e-11,0.813206721137819,0.812755976652352,0.0199785005817506,3.52510425112811e-05,0.105167653636729,NA,NA,NA,NA
"Ebf2","Ebf2","MA1604.1","-0.293388",0.615927,0.798671,0.799487,0.0525814,398,"False",1,NA,NA,NA,NA,NA,NA,NA,NA,NA,NA,NA
"MAFA","MAFA","MA1521.1","-0.309839",0.622212,0.759804,0.760444,0.0385684,398,"False",1,NA,NA,NA,NA,NA,NA,NA,NA,NA,NA,NA
"RELB","RELB","MA1117.1","-0.321532",0.626785,0.823579,0.824403,0.0524936,398,"False",1,1.97906665792208e-11,0.00152073903529351,0.918712069480626,0.918588600978628,-0.176717848137531,0.978037986021225,0.7988081401279,NA,NA,NA,NA
"RARA","RARA","MA0730.1","-0.324987",0.628034,0.710138,0.710809,0.0402525,398,"False",1,0.00198338332342482,0.345129403687738,NA,NA,NA,0.113297939708661,0.166218112366803,NA,NA,NA,NA
"ZEB1","ZEB1","MA0103.3","-0.327761",0.62902,0.872724,0.87369,0.0542858,398,"False",1,5.05221037183822e-28,8.94172595589434e-19,0.784205071381966,0.78431656764514,0.130103971622608,1.73018356532747e-09,0.00169795778748234,NA,NA,NA,NA
"MYOD1","MYOD1","MA0499.2","-0.335155",0.631887,0.824609,0.825451,0.0487303,398,"False",1,NA,NA,NA,NA,NA,NA,NA,NA,NA,NA,NA
"TBX3","TBX3","MA1566.1","-0.373892",0.64626,0.881191,0.881918,0.0318389,398,"False",1,NA,NA,NA,NA,NA,NA,NA,NA,NA,NA,NA
"BCL6","BCL6","MA0463.2","-0.37871",0.648308,0.738151,0.738985,0.0440963,398,"False",1,1.76619089695212e-05,7.19727115465115e-05,0.604213911117766,0.603220741273213,0.0810961098733328,0.358328785439272,0.344180728106485,NA,NA,NA,NA
"HOXD10","HOXD10","MA1506.1","-0.391486",0.652965,0.773398,0.774477,0.0516708,398,"False",1,NA,NA,NA,NA,NA,NA,NA,NA,NA,NA,NA
"PROX1","PROX1","MA0794.1","-0.43074",0.667395,0.757918,0.758873,0.0410809,398,"False",1,0.304377660387519,0.609378308995394,NA,NA,NA,0.0758932226580914,0.308574734804103,NA,NA,NA,NA
"Esrrg","Esrrg","MA0643.1","-0.430702",0.667527,0.816648,0.81775,0.051936,398,"False",1,6.36019654196936e-24,7.00702071035187e-15,0.922031913600157,0.922141744229997,0.0624714848703097,4.41425303263775e-05,0.115663718915783,NA,NA,NA,NA
"PBX3","PBX3","MA1114.1","-0.438585",0.670448,0.756264,0.757345,0.0513182,398,"False",1,3.74751895328933e-06,0.000297105001993686,0.969754775639557,0.969784851493076,0.125311599129954,0.552406684089767,0.972184294900434,NA,NA,NA,NA
"STAT1","STAT1","MA0137.3","-0.454511",0.676026,0.824451,0.82571,0.0513635,398,"False",1,5.14316795836664e-22,1.09226405872005e-13,0.806137344885755,0.806039870300106,-0.187290317467321,0.000560816873840159,0.0251036674837417,0.892846861249748,0.847988712195214,NA,0.813243004054059
"Spz1","Spz1","MA0111.1","-0.458217",0.677525,0.865811,0.866532,0.0321135,398,"False",1,NA,NA,NA,NA,NA,NA,NA,NA,NA,NA,NA
"GRHL1","GRHL1","MA0647.1","-0.458937",0.677751,0.747608,0.748851,0.0542494,398,"False",1,0.198165027665183,0.885949819259278,NA,NA,NA,0.638245547154183,0.758899358500097,NA,NA,NA,NA
"NFATC1","NFATC1","MA0624.1","-0.473799",0.68303,0.878673,0.879874,0.0490436,398,"False",1,NA,NA,NA,NA,NA,NA,NA,NA,NA,NA,NA
"HOXC9","HOXC9","MA0485.2","-0.515481",0.697772,0.777503,0.779078,0.058202,398,"False",1,NA,NA,NA,NA,NA,NA,NA,NA,NA,NA,NA
"NFIC","NFIC","MA1527.1","-0.547966",0.708991,0.741916,0.743314,0.0466917,398,"False",1,2.59778951981819e-09,7.24241124629498e-06,0.803797995097042,0.803695157694101,0.192198776392027,4.96412590732713e-06,0.00296539428847568,0.310366713681759,0.705441191452699,NA,0.357611994118165
"HOXA13","HOXA13","MA0650.2","-0.557542",0.712463,0.791297,0.792936,0.0592367,398,"False",1,NA,NA,NA,NA,NA,NA,NA,NA,NA,NA,NA
"RBPJ","RBPJ","MA1116.1","-0.562653",0.71421,0.88643,0.888201,0.0633544,398,"False",1,1.04115446992256e-08,1.25854462262146e-07,0.981432193557065,0.981488350650513,0.0162469708064852,0.138497752700214,0.988364721688265,NA,NA,NA,NA
"ASCL1","ASCL1","MA1100.2","-0.575985",0.718646,0.873348,0.874797,0.0480923,398,"False",1,NA,NA,NA,NA,NA,NA,NA,NA,NA,NA,NA
"Ascl2","Ascl2","MA0816.1","-0.577673",0.719189,0.835862,0.83739,0.0498291,398,"False",1,NA,NA,NA,NA,NA,NA,NA,NA,NA,NA,NA
"HOXD12","HOXD12","MA0873.1","-0.595779",0.725308,0.781771,0.783365,0.0508872,398,"False",1,NA,NA,NA,NA,NA,NA,NA,NA,NA,NA,NA
"NFATC3","NFATC3","MA0625.1","-0.635162",0.73835,0.860167,0.861871,0.0510969,398,"False",1,1.44504680595155e-37,1.33238260854051e-21,0.859650606223051,0.859116339972087,-0.0429650475969812,0.00113904379156196,0.539293799148799,NA,NA,NA,NA
"NR2F2","NR2F2","MA1111.1","-0.635136",0.738531,0.820307,0.822183,0.0612882,398,"False",1,NA,NA,NA,NA,NA,NA,NA,NA,NA,NA,NA
"BCL6B","BCL6B","MA0731.1","-0.639793",0.739953,0.666083,0.667536,0.0451295,398,"False",1,NA,NA,NA,NA,NA,NA,NA,NA,NA,NA,NA
"ZNF684","ZNF684","MA1600.1","-0.643999",0.741267,0.725998,0.727197,0.0360642,398,"False",1,0.853543679457144,0.364563568320736,NA,NA,NA,0.708880175221028,0.468242856012602,NA,NA,NA,NA
"Rarb","Rarb","MA0858.1","-0.668509",0.749227,0.69947,0.700934,0.043446,398,"False",1,1.25264900713864e-25,3.67155559182302e-15,0.901780972680992,0.901828780377279,-0.0129456398305648,5.95942241055154e-07,0.0464123163054813,NA,NA,NA,NA
"Rarg","Rarg","MA0860.1","-0.668812",0.749345,0.693885,0.695376,0.0446698,398,"False",1,0.222390755312854,0.256626522136652,NA,NA,NA,0.16061188899306,0.326576445258863,NA,NA,NA,NA
"HLTF","HLTF","MA0109.1","-0.672744",0.750436,0.943421,0.944413,0.0273458,398,"False",1,3.95933765712661e-05,0.047004589015874,NA,NA,NA,0.917574992096175,0.463825397638517,0.538747703057712,0.927614043943182,NA,0.119573177889248
"Pparg","Pparg::Rxra","MA0065.2","-0.709434",0.762322,0.810222,0.811557,0.0401318,398,"False",1,1.93450847097623e-23,1.30219110937832e-14,0.787533504463605,0.787374581503896,0.184752774588106,1.70252263064877e-06,0.0118963121032116,NA,NA,NA,NA
"Rxra","Pparg::Rxra","MA0065.2","-0.709434",0.762322,0.810222,0.811557,0.0401318,398,"False",1,0.0253397830817513,0.0696143243971587,NA,NA,NA,0.175594717197463,0.771439033779531,0.869219483424042,0.375971903073589,NA,0.613913242363343
"NFIC","NFIC::TLX1","MA0119.1","-0.72827",0.767765,0.736937,0.738771,0.0457447,398,"False",1,2.59778951981819e-09,7.24241124629498e-06,0.803797995097042,0.803695157694101,0.192198776392027,4.96412590732713e-06,0.00296539428847568,0.310366713681759,0.705441191452699,NA,0.357611994118165
"TLX1","NFIC::TLX1","MA0119.1","-0.72827",0.767765,0.736937,0.738771,0.0457447,398,"False",1,NA,NA,NA,NA,NA,NA,NA,NA,NA,NA,NA
"CEBPB","CEBPB","MA0466.2","-0.73386",0.769684,0.809729,0.811598,0.0508792,398,"False",1,1.82329335332488e-21,9.88877026780065e-13,0.905661649687816,0.905620921697072,-0.127398060484462,3.550916843811e-05,0.0261211086925046,NA,NA,NA,NA
"HOXC12","HOXC12","MA0906.1","-0.736764",0.770441,0.773107,0.775166,0.0527448,398,"False",1,NA,NA,NA,NA,NA,NA,NA,NA,NA,NA,NA
"HSF1","HSF1","MA0486.2","-0.739795",0.771369,0.736514,0.738534,0.0516465,398,"False",1,0.0319725063631675,0.137645460990107,NA,NA,NA,0.612055936138104,0.386456592981947,NA,NA,NA,NA
"NFATC4","NFATC4","MA1525.1","-0.745318",0.773031,0.859926,0.861923,0.0503718,398,"False",1,NA,NA,NA,NA,NA,NA,NA,NA,NA,NA,NA
"STAT3","STAT3","MA0144.2","-0.755314",0.776135,0.85577,0.857659,0.0488824,398,"False",1,8.85339666577899e-06,4.06211265877431e-07,0.449693635549799,0.448388864110944,0.61472669855231,0.262825567879919,0.456062576950469,0.545542953575667,0.619755811800223,NA,0.979067069746132
"MSANTD3","MSANTD3","MA1523.1","-0.765784",0.779421,0.846343,0.848171,0.0495668,398,"False",1,6.67246213958077e-19,4.38229951958007e-10,0.742651113310258,0.743263704911845,0.115531241456522,0.0187111840070337,0.623606586478649,NA,NA,NA,NA
"NEUROD1","NEUROD1","MA1109.1","-0.78132",0.78389,0.822162,0.824118,0.0492766,398,"False",1,1.74394100850507e-12,1.45712878810069e-13,0.672469880814821,0.671663627344462,0.261869561353736,0.000239696187958103,0.0510545509992245,NA,NA,NA,NA
"BARHL2","BARHL2","MA0635.1","-0.802935",0.790279,0.860963,0.863159,0.0554908,398,"False",1,NA,NA,NA,NA,NA,NA,NA,NA,NA,NA,NA
"Ar","Ar","MA0007.3","-0.817429",0.794421,0.723379,0.725172,0.0439821,398,"False",1,2.14418282144554e-11,5.8832848057643e-11,0.578558240577813,0.577849443031047,0.38852576576674,0.00186562273269653,0.0480994892580543,NA,NA,NA,NA
"RORA","RORA","MA0071.1","-0.822396",0.795859,0.821241,0.823488,0.0551804,398,"False",1,7.47280355186464e-31,6.8553185712479e-21,0.952390206819727,0.952281607911247,0.0117738569431898,0.000612969151083329,0.61444310359311,NA,NA,NA,NA
"RXRA","RXRA::VDR","MA0074.1","-0.82298",0.796028,0.754364,0.755991,0.0399834,398,"False",1,0.0253397830817513,0.0696143243971587,NA,NA,NA,0.175594717197463,0.771439033779531,0.869219483424042,0.375971903073589,NA,0.613913242363343
"VDR","RXRA::VDR","MA0074.1","-0.82298",0.796028,0.754364,0.755991,0.0399834,398,"False",1,NA,NA,NA,NA,NA,NA,NA,NA,NA,NA,NA
"HNF4G","HNF4G","MA0484.2","-0.845068",0.802104,0.782637,0.784884,0.0503983,398,"False",1,NA,NA,NA,NA,NA,NA,NA,NA,NA,NA,NA
"BHLHA15","BHLHA15","MA1472.1","-0.847521",0.802856,0.872415,0.87435,0.0445148,398,"False",1,NA,NA,NA,NA,NA,NA,NA,NA,NA,NA,NA
"ZNF354C","ZNF354C","MA0130.1","-0.860599",0.806451,0.960727,0.962358,0.0364672,398,"False",1,4.76974791269053e-08,1.23739273684043e-05,0.860132032127796,0.859602814658044,0.0834855368416753,0.00238423767397122,0.047841659147752,NA,NA,NA,NA
"NR1H2","NR1H2::RXRA","MA0115.1","-0.880978",0.812267,0.672241,0.674225,0.0475588,398,"False",1,8.37366520437717e-08,0.0484176400891431,0.738112833213588,0.738388585761705,-0.446719390682684,0.300216352092007,0.299059802237247,NA,NA,NA,NA
"RXRA","NR1H2::RXRA","MA0115.1","-0.880978",0.812267,0.672241,0.674225,0.0475588,398,"False",1,0.0253397830817513,0.0696143243971587,NA,NA,NA,0.175594717197463,0.771439033779531,0.869219483424042,0.375971903073589,NA,0.613913242363343
"HOXB9","HOXB9","MA1503.1","-0.887002",0.813608,0.786219,0.78887,0.0564884,398,"False",1,NA,NA,NA,NA,NA,NA,NA,NA,NA,NA,NA
"Ptf1a","Ptf1a","MA1619.1","-0.889196",0.814319,0.825064,0.827653,0.0578082,398,"False",1,NA,NA,NA,NA,NA,NA,NA,NA,NA,NA,NA
"CEBPE","CEBPE","MA0837.1","-0.902227",0.817815,0.817391,0.819648,0.049906,398,"False",1,NA,NA,NA,NA,NA,NA,NA,NA,NA,NA,NA
"Hand1","Hand1::Tcf3","MA0092.1","-0.910032",0.819933,0.878917,0.880692,0.0396722,398,"False",1,NA,NA,NA,NA,NA,NA,NA,NA,NA,NA,NA
"Tcf3","Hand1::Tcf3","MA0092.1","-0.910032",0.819933,0.878917,0.880692,0.0396722,398,"False",1,0.177419248886588,0.511849127548809,NA,NA,NA,0.714955881036476,0.36917205273233,NA,NA,NA,NA
"BARHL1","BARHL1","MA0877.2","-0.910848",0.820217,0.881725,0.884044,0.0530968,398,"False",1,NA,NA,NA,NA,NA,NA,NA,NA,NA,NA,NA
"SMAD3","SMAD3","MA0795.1","-0.946746",0.829329,0.750424,0.752813,0.048795,398,"False",1,0.000380619877286622,6.15350809912063e-05,0.561621317668838,0.560989085521792,0.401242555414961,0.0669487073221508,0.0217857866519315,NA,NA,NA,NA
"OTX1","OTX1","MA0711.1","-0.953112",0.830975,0.855684,0.858537,0.0585418,398,"False",1,NA,NA,NA,NA,NA,NA,NA,NA,NA,NA,NA
"SREBF1","SREBF1","MA0829.2","-0.97023",0.835407,0.766397,0.769071,0.056631,398,"False",1,1.11092046160666e-09,0.000665052669653175,0.694072735950746,0.694013065239297,-0.0355155355693743,0.149350754460139,0.970416977892136,NA,NA,NA,NA
"HNF4A","HNF4A","MA0114.4","-0.976909",0.836864,0.777241,0.77989,0.0514652,398,"False",1,NA,NA,NA,NA,NA,NA,NA,NA,NA,NA,NA
"Stat5b","Stat5b","MA1625.1","-0.989171",0.839917,0.786694,0.789661,0.0577655,398,"False",1,4.04288322987305e-16,0.000490176549676255,0.551632016193375,0.549388934752365,-0.553868613429522,0.260613156325064,0.682405825656933,0.774773336920694,0.283960313281677,NA,0.730499468323461
"MYF5","MYF5","MA1641.1","-1.01037",0.845101,0.815673,0.818577,0.0565605,398,"False",1,NA,NA,NA,NA,NA,NA,NA,NA,NA,NA,NA
"Hic1","Hic1","MA0739.1","-1.01799",0.846829,0.862234,0.864458,0.04144,398,"False",1,NA,NA,NA,NA,NA,NA,NA,NA,NA,NA,NA
"PRDM4","PRDM4","MA1647.1","-1.03631",0.851262,0.839358,0.842234,0.0553212,398,"False",1,0.575082113736356,0.444292018631803,NA,NA,NA,0.607441397707545,0.65332843038518,NA,NA,NA,NA
"NR4A1","NR4A1","MA1112.2","-1.0475",0.853872,0.816287,0.819326,0.0581912,398,"False",1,3.05275924621708e-41,6.93035991915515e-18,0.908589430527643,0.908552626558973,-0.0246956825217669,0.0841920738855843,0.319167165143672,NA,NA,NA,NA
"MYB","MYB","MA0100.3","-1.06178",0.857009,0.861528,0.864485,0.0530707,398,"False",1,NA,NA,NA,NA,NA,NA,NA,NA,NA,NA,NA
"ZNF16","ZNF16","MA1654.1","-1.11489",0.868808,0.69843,0.700343,0.0339553,398,"False",1,0.00120872263710127,0.0216600265687077,0.869223794312813,0.868498156344619,0.226740281980333,0.886596329024117,0.398482719086541,NA,NA,NA,NA
"RFX4","RFX4","MA0799.1","-1.15569",0.877343,0.762894,0.7656,0.0463989,398,"False",1,1.01841652123384e-07,3.99988032003541e-07,0.711789076479266,0.71235248031676,0.145002614172476,0.205647584213721,0.349075831058423,NA,NA,NA,NA
"ZNF282","ZNF282","MA1154.1","-1.16699",0.879515,0.7379,0.7402,0.0371065,398,"False",1,8.42649482109075e-06,0.000985815251294062,NA,NA,NA,0.200220573522741,0.131873723764428,NA,NA,NA,NA
"BHLHE22","BHLHE22","MA0818.1","-1.16892",0.879932,0.79008,0.793098,0.0492098,398,"False",1,1.08592939769907e-09,1.23937399881883e-05,0.657835217885001,0.657422073546596,0.145725891314566,0.0969321674405569,0.367735263704764,NA,NA,NA,NA
"SOX12","SOX12","MA1561.1","-1.219",0.889787,0.762043,0.765074,0.0490542,398,"False",1,0.0088636653497102,0.0960855349161358,NA,NA,NA,0.900359078598985,0.61486864965058,NA,NA,NA,NA
"ATOH7","ATOH7","MA1468.1","-1.25902",0.897046,0.847275,0.84984,0.0379184,398,"False",1,NA,NA,NA,NA,NA,NA,NA,NA,NA,NA,NA
"MSGN1","MSGN1","MA1524.1","-1.28201",0.90118,0.837719,0.840896,0.0472989,398,"False",1,NA,NA,NA,NA,NA,NA,NA,NA,NA,NA,NA
"STAT1","STAT1::STAT2","MA0517.1","-1.30054",0.90438,0.778513,0.78214,0.0532166,398,"False",1,5.14316795836664e-22,1.09226405872005e-13,0.806137344885755,0.806039870300106,-0.187290317467321,0.000560816873840159,0.0251036674837417,0.892846861249748,0.847988712195214,NA,0.813243004054059
"STAT2","STAT1::STAT2","MA0517.1","-1.30054",0.90438,0.778513,0.78214,0.0532166,398,"False",1,3.71881457699503e-12,7.38613374306812e-05,0.610542868949483,0.609024943672523,-0.32176518730354,0.0160867574700275,0.0407225449811784,0.951807750068795,0.711650650003689,NA,0.0333848167289206
"MSC","MSC","MA0665.1","-1.30424",0.905012,0.80521,0.808316,0.0454734,398,"False",1,NA,NA,NA,NA,NA,NA,NA,NA,NA,NA,NA
"RARA","RARA::RXRA","MA0159.1","-1.31634",0.907005,0.795272,0.797519,0.0319194,398,"False",1,0.00198338332342482,0.345129403687738,NA,NA,NA,0.113297939708661,0.166218112366803,NA,NA,NA,NA
"RXRA","RARA::RXRA","MA0159.1","-1.31634",0.907005,0.795272,0.797519,0.0319194,398,"False",1,0.0253397830817513,0.0696143243971587,NA,NA,NA,0.175594717197463,0.771439033779531,0.869219483424042,0.375971903073589,NA,0.613913242363343
"NFIC","NFIC","MA0161.2","-1.32596",0.908679,0.829734,0.833577,0.0561483,398,"False",1,2.59778951981819e-09,7.24241124629498e-06,0.803797995097042,0.803695157694101,0.192198776392027,4.96412590732713e-06,0.00296539428847568,0.310366713681759,0.705441191452699,NA,0.357611994118165
"SMAD2","SMAD2::SMAD3::SMAD4","MA0513.1","-1.33219",0.909669,0.803285,0.806328,0.0435497,398,"False",1,1.10590851456242e-15,1.22838266859519e-09,0.918063217588431,0.917938942839456,-0.128042748588536,0.000469750016243818,0.323329170426695,0.704037590043007,0.902655177511684,NA,0.811305485578048
"SMAD3","SMAD2::SMAD3::SMAD4","MA0513.1","-1.33219",0.909669,0.803285,0.806328,0.0435497,398,"False",1,0.000380619877286622,6.15350809912063e-05,0.561621317668838,0.560989085521792,0.401242555414961,0.0669487073221508,0.0217857866519315,NA,NA,NA,NA
"SMAD4","SMAD2::SMAD3::SMAD4","MA0513.1","-1.33219",0.909669,0.803285,0.806328,0.0435497,398,"False",1,1.94554072914142e-11,8.85755138270248e-09,0.787533504463605,0.787374581503896,0.196713553990633,0.269974084972642,0.718479866478671,0.000136563971243083,0.497430855397399,0.319833398128021,0.00157033366263951
"PRDM1","PRDM1","MA0508.3","-1.3373",0.910661,0.844124,0.848109,0.0609085,398,"False",1,0.0355085613947441,0.054707687765749,0.793845451936547,0.793985424868183,0.104183951864419,0.942931880829048,0.875453886603775,NA,NA,NA,NA
"ZBTB12","ZBTB12","MA1649.1","-1.34097",0.911025,0.837216,0.840757,0.048615,398,"False",1,NA,NA,NA,NA,NA,NA,NA,NA,NA,NA,NA
"EBF1","EBF1","MA0154.4","-1.34739",0.912032,0.778491,0.782074,0.048284,398,"False",1,NA,NA,NA,NA,NA,NA,NA,NA,NA,NA,NA
"GSC2","GSC2","MA0891.1","-1.3555",0.91348,0.846614,0.85018,0.0514988,398,"False",1,NA,NA,NA,NA,NA,NA,NA,NA,NA,NA,NA
"SREBF2","SREBF2","MA0596.1","-1.3547",0.913503,0.831203,0.834496,0.0506876,398,"False",1,3.3325195137075e-05,0.0212249850213623,NA,NA,NA,0.407599772686831,0.577409386680589,0.594932408980798,0.638697886232213,NA,0.63385050585134
"GSC","GSC","MA0648.1","-1.36108",0.914367,0.828983,0.833033,0.0584008,398,"False",1,NA,NA,NA,NA,NA,NA,NA,NA,NA,NA,NA
"ZNF140","ZNF140","MA1589.1","-1.37595",0.916604,0.683968,0.686559,0.0356303,398,"False",1,0.0657684427348359,0.0245859887261969,NA,NA,NA,0.0706264165385962,0.0249686583067463,NA,NA,NA,NA
"BACH2","BACH2","MA1470.1","-1.38142",0.9176,0.691771,0.694831,0.0449928,398,"False",1,2.03706988403596e-28,1.07981956839025e-11,0.672453594475373,0.671639102255797,-0.0757136002130424,0.47578642262691,0.563659634813802,NA,NA,NA,NA
"Hoxa11","Hoxa11","MA0911.1","-1.39359",0.919256,0.793444,0.797164,0.0496638,398,"False",1,NA,NA,NA,NA,NA,NA,NA,NA,NA,NA,NA
"HOXC11","HOXC11","MA0651.1","-1.40541",0.921053,0.786806,0.790853,0.0545186,398,"False",1,NA,NA,NA,NA,NA,NA,NA,NA,NA,NA,NA
"NFIA","NFIA","MA0670.1","-1.41431",0.922392,0.839087,0.843625,0.0616454,398,"False",1,1.37680442098661e-06,0.00153531911872377,0.962579391712618,0.962593783536941,-0.136496411284586,0.0952812092234465,0.496036321297571,0.386800024034188,0.88662943890387,NA,0.30284320966802
"HOXC13","HOXC13","MA0907.1","-1.42358",0.923789,0.773354,0.777553,0.0581081,398,"False",1,NA,NA,NA,NA,NA,NA,NA,NA,NA,NA,NA
"Stat5a","Stat5a::Stat5b","MA0519.1","-1.43908",0.925873,0.843347,0.847036,0.0474648,398,"False",1,NA,NA,NA,NA,NA,NA,NA,NA,NA,NA,NA
"Stat5b","Stat5a::Stat5b","MA0519.1","-1.43908",0.925873,0.843347,0.847036,0.0474648,398,"False",1,4.04288322987305e-16,0.000490176549676255,0.551632016193375,0.549388934752365,-0.553868613429522,0.260613156325064,0.682405825656933,0.774773336920694,0.283960313281677,NA,0.730499468323461
"TAL1","TAL1::TCF3","MA0091.1","-1.45893",0.928678,0.809345,0.812849,0.0455958,398,"False",1,NA,NA,NA,NA,NA,NA,NA,NA,NA,NA,NA
"TCF3","TAL1::TCF3","MA0091.1","-1.45893",0.928678,0.809345,0.812849,0.0455958,398,"False",1,0.177419248886588,0.511849127548809,NA,NA,NA,0.714955881036476,0.36917205273233,NA,NA,NA,NA
"NR3C2","NR3C2","MA0727.1","-1.4585",0.928704,0.717753,0.7212,0.0467955,398,"False",1,2.30676844566053e-27,4.23931300887989e-14,0.975802058267039,0.975841847398962,-0.0548811818785527,7.66591468048407e-09,0.00153855777488209,NA,NA,NA,NA
"NEUROG1","NEUROG1","MA0623.2","-1.46543",0.929546,0.788266,0.792074,0.0488932,398,"False",1,NA,NA,NA,NA,NA,NA,NA,NA,NA,NA,NA
"RUNX3","RUNX3","MA0684.2","-1.46512",0.929672,0.819678,0.823821,0.0577179,398,"False",1,NA,NA,NA,NA,NA,NA,NA,NA,NA,NA,NA
"ATOH1","ATOH1","MA1467.1","-1.48537",0.932259,0.82644,0.83003,0.046657,398,"False",1,NA,NA,NA,NA,NA,NA,NA,NA,NA,NA,NA
"NEUROG2","NEUROG2","MA0669.1","-1.50394",0.93467,0.78891,0.792675,0.0483603,398,"False",1,NA,NA,NA,NA,NA,NA,NA,NA,NA,NA,NA
"NR3C1","NR3C1","MA0113.3","-1.52698",0.937592,0.721126,0.724725,0.0461496,398,"False",1,2.01352184151079e-08,4.53866710709949e-05,0.875209995343366,0.87485519958397,-0.0400173354391198,1.30974325722844e-08,0.000110101325516446,0.442567640242872,0.536523793300506,NA,0.91794178177629
"SNAI2","SNAI2","MA0745.2","-1.52914",0.937741,0.810622,0.814747,0.0495319,398,"False",1,NA,NA,NA,NA,NA,NA,NA,NA,NA,NA,NA
"RFX5","RFX5","MA0510.2","-1.5411",0.939335,0.706973,0.710932,0.0507752,398,"False",1,2.74292497856261e-10,8.10708441051652e-09,0.735943358549628,0.73604346991408,0.315420713179113,0.545461600122586,0.790868736407654,NA,NA,NA,NA
"Dux","Dux","MA0611.1","-1.56145",0.94173,0.841889,0.847694,0.0725536,398,"False",1,NA,NA,NA,NA,NA,NA,NA,NA,NA,NA,NA
"HOXD11","HOXD11","MA0908.1","-1.56208",0.94173,0.80655,0.811412,0.058298,398,"False",1,NA,NA,NA,NA,NA,NA,NA,NA,NA,NA,NA
"PITX1","PITX1","MA0682.2","-1.57499",0.943331,0.843116,0.848458,0.0673453,398,"False",1,NA,NA,NA,NA,NA,NA,NA,NA,NA,NA,NA
"RFX2","RFX2","MA0600.2","-1.58518",0.944516,0.712632,0.716721,0.051967,398,"False",1,0.00709131975937336,0.324897006385971,0.789152421327671,0.789140409079517,-0.612879551272444,0.0306776434645524,0.103367920091325,NA,NA,NA,NA
"ZSCAN4","ZSCAN4","MA1155.1","-1.59626",0.945629,0.72728,0.730937,0.0430948,398,"False",1,NA,NA,NA,NA,NA,NA,NA,NA,NA,NA,NA
"Tcf21","Tcf21","MA0832.1","-1.61622",0.947866,0.733898,0.737949,0.0488773,398,"False",1,NA,NA,NA,NA,NA,NA,NA,NA,NA,NA,NA
"HOXB13","HOXB13","MA0901.2","-1.62127",0.948358,0.761368,0.767805,0.0753655,398,"False",1,NA,NA,NA,NA,NA,NA,NA,NA,NA,NA,NA
"HSF2","HSF2","MA0770.1","-1.62435",0.948714,0.747503,0.751853,0.0517072,398,"False",1,4.96673617248831e-09,0.000903965055922613,NA,NA,NA,0.103037181218045,0.701252474309418,NA,NA,NA,NA
"ESRRB","ESRRB","MA0141.3","-1.62722",0.94906,0.766986,0.771515,0.0550733,398,"False",1,0.0175508318576761,0.00111637172864445,0.558911057735706,0.558116959788681,0.908598171577401,0.00332585805648616,0.0366777234166191,NA,NA,NA,NA
"TFAP4","TFAP4","MA0691.1","-1.64461",0.950781,0.791102,0.795801,0.0538289,398,"False",1,0.000107945151944895,0.000473456098112876,0.930163236614563,0.930400768021994,0.141406546908519,0.9317138418434,0.498001989863046,NA,NA,NA,NA
"CDX4","CDX4","MA1473.1","-1.66061",0.952429,0.787444,0.792821,0.0622214,398,"False",1,NA,NA,NA,NA,NA,NA,NA,NA,NA,NA,NA
"CDX1","CDX1","MA0878.2","-1.66105",0.952489,0.778224,0.783456,0.0611282,398,"False",1,NA,NA,NA,NA,NA,NA,NA,NA,NA,NA,NA
"TCF7L1","TCF7L1","MA1421.1","-1.67506",0.95399,0.763015,0.767411,0.054593,398,"False",1,NA,NA,NA,NA,NA,NA,NA,NA,NA,NA,NA
"ZNF274","ZNF274","MA1592.1","-1.68143",0.954614,0.772337,0.775754,0.0424796,398,"False",1,0.0559917744137876,0.406382788121476,NA,NA,NA,0.621388254567795,0.498601168001217,NA,NA,NA,NA
"OLIG2","OLIG2","MA0678.1","-1.69183",0.955388,0.788773,0.793193,0.0479543,398,"False",1,NA,NA,NA,NA,NA,NA,NA,0.454825870541327,0.973271196095897,NA,0.990482994121499
"VDR","VDR","MA0693.2","-1.69725",0.955975,0.872487,0.876937,0.0506266,398,"False",1,NA,NA,NA,NA,NA,NA,NA,NA,NA,NA,NA
"NKX2-8","NKX2-8","MA0673.1","-1.70739",0.956879,0.891591,0.895011,0.037763,398,"False",1,NA,NA,NA,NA,NA,NA,NA,NA,NA,NA,NA
"HOXC10","HOXC10","MA0905.1","-1.70787",0.956896,0.822046,0.827346,0.0574199,398,"False",1,NA,NA,NA,NA,NA,NA,NA,NA,NA,NA,NA
"LEF1","LEF1","MA0768.1","-1.70711",0.956938,0.740274,0.744781,0.0524693,398,"False",1,NA,NA,NA,NA,NA,NA,NA,NA,NA,NA,NA
"IRF1","IRF1","MA0050.2","-1.71996",0.958085,0.741229,0.746391,0.0588609,398,"False",1,0.0326614065404376,0.216407408397338,0.953811143752928,0.95360883731859,-0.202584292934563,0.604768110855236,0.598102310335935,NA,NA,NA,NA
"LHX1","LHX1","MA1518.1","-1.7325",0.959137,0.880681,0.885667,0.0541551,398,"False",1,NA,NA,NA,NA,NA,NA,NA,NA,NA,NA,NA
"NKX2-3","NKX2-3","MA0672.1","-1.73904",0.959741,0.858628,0.862678,0.0447478,398,"False",1,NA,NA,NA,NA,NA,NA,NA,NA,NA,NA,NA
"HOXD9","HOXD9","MA0913.2","-1.73947",0.959775,0.807933,0.814017,0.0670306,398,"False",1,NA,NA,NA,NA,NA,NA,NA,NA,NA,NA,NA
"OLIG3","OLIG3","MA0827.1","-1.78667",0.963659,0.814853,0.819075,0.043494,398,"False",1,NA,NA,NA,NA,NA,NA,NA,NA,NA,NA,NA
"HAND2","HAND2","MA1638.1","-1.78759",0.963774,0.858669,0.863946,0.0560216,398,"False",1,NA,NA,NA,NA,NA,NA,NA,NA,NA,NA,NA
"Stat5a","Stat5a","MA1624.1","-1.81123",0.965646,0.798811,0.804115,0.0565393,398,"False",1,NA,NA,NA,NA,NA,NA,NA,NA,NA,NA,NA
"Rhox11","Rhox11","MA0629.1","-1.81941",0.966247,0.789401,0.793401,0.0418224,398,"False",1,NA,NA,NA,NA,NA,NA,NA,NA,NA,NA,NA
"NFATC2","NFATC2","MA0152.1","-1.8227",0.966506,0.898233,0.903213,0.0524648,398,"False",1,0.00556068685493683,0.00204411164663067,0.828988007151145,0.828225030243685,0.460121105279816,0.131653118381694,0.549107857689507,NA,NA,NA,NA
"NEUROG2","NEUROG2","MA1642.1","-1.82435",0.966661,0.827526,0.832284,0.0512254,398,"False",1,NA,NA,NA,NA,NA,NA,NA,NA,NA,NA,NA
"Nkx2-5","Nkx2-5","MA0503.1","-1.83593",0.967478,0.849641,0.853514,0.0402782,398,"False",1,NA,NA,NA,NA,NA,NA,NA,NA,NA,NA,NA
"CDX2","CDX2","MA0465.2","-1.84029",0.967797,0.77908,0.7856,0.0677246,398,"False",1,NA,NA,NA,NA,NA,NA,NA,NA,NA,NA,NA
"PPARG","PPARG","MA0066.1","-1.84355",0.967953,0.737813,0.740964,0.0306306,398,"False",1,1.93450847097623e-23,1.30219110937832e-14,0.787533504463605,0.787374581503896,0.184752774588106,1.70252263064877e-06,0.0118963121032116,NA,NA,NA,NA
"TGIF2LX","TGIF2LX","MA1571.1","-1.84646",0.968238,0.744883,0.749191,0.0444882,398,"False",1,NA,NA,NA,NA,NA,NA,NA,NA,NA,NA,NA
"TBX18","TBX18","MA1565.1","-1.85282",0.968734,0.811291,0.815464,0.0443447,398,"False",1,NA,NA,NA,NA,NA,NA,NA,NA,NA,NA,NA
"TGIF2LY","TGIF2LY","MA1572.1","-1.89278",0.971426,0.751916,0.756281,0.0442695,398,"False",1,NA,NA,NA,NA,NA,NA,NA,NA,NA,NA,NA
"JUND","JUND","MA0492.1","-1.90017",0.971999,0.789684,0.794849,0.055915,398,"False",1,1.038036504188e-14,1.68484293492594e-13,0.745817400720349,0.746758466375359,0.197119682601069,0.00442334252641151,0.195803052907298,0.0702013129310858,0.191449865455824,0.358392089182732,0.940993839305649
"LIN54","LIN54","MA0619.1","-1.90703",0.972356,0.840823,0.848971,0.0824604,398,"False",1,1.60389554317494e-10,3.93311927045212e-08,0.960794993732572,0.960805782969169,0.040588951209721,0.418590587093834,0.390018584508797,NA,NA,NA,NA
"FOXG1","FOXG1","MA0613.1","-1.91698",0.972984,0.818213,0.825753,0.0758012,398,"False",1,7.673476241766e-22,8.65435363455006e-16,0.806137344885755,0.806039870300106,0.171298106504387,0.00819004912506088,0.204134366167448,0.328399714150765,0.749160979067616,NA,0.699188152439534
"ZNF410","ZNF410","MA0752.1","-1.95346",0.975203,0.674101,0.678758,0.046445,398,"False",1,4.41914259213887e-05,0.00106101955915508,NA,NA,NA,0.0125968681029474,0.759223793398908,NA,NA,NA,NA
"Nr2e3","Nr2e3","MA0164.1","-1.96645",0.975955,0.823166,0.830206,0.0699669,398,"False",1,NA,NA,NA,NA,NA,NA,NA,NA,NA,NA,NA
"PKNOX1","PKNOX1","MA0782.2","-1.96597",0.975978,0.764944,0.770201,0.0544899,398,"False",1,5.45229514859709e-30,2.88204149354342e-20,0.976924270193246,0.977064754222673,0.04384253767045,0.00964563968038816,0.836586017356636,NA,NA,NA,NA
"RAX","RAX","MA0718.1","-1.97388",0.976345,0.829944,0.837121,0.0691899,398,"False",1,NA,NA,NA,NA,NA,NA,NA,NA,NA,NA,NA
"HOXA10","HOXA10","MA0899.1","-1.9768",0.976525,0.816418,0.823298,0.0673004,398,"False",1,NA,NA,NA,NA,NA,NA,NA,NA,NA,NA,NA
"NR1D1","NR1D1","MA1531.1","-1.98406",0.976887,0.76946,0.773504,0.0379313,398,"False",1,0.012224150854918,0.00162923372386462,0.915333502577055,0.915202546767901,0.330475591372961,0.127353737424712,0.228396324256311,NA,NA,NA,NA
"SHOX","SHOX","MA0630.1","-2.00733",0.978114,0.849798,0.857587,0.0705679,398,"False",1,NA,NA,NA,NA,NA,NA,NA,NA,NA,NA,NA
"PITX3","PITX3","MA0714.1","-2.00893",0.978285,0.847377,0.853187,0.0572511,398,"False",1,NA,NA,NA,NA,NA,NA,NA,NA,NA,NA,NA
"Sox3","Sox3","MA0514.1","-2.01731",0.978751,0.868365,0.873454,0.0514086,398,"False",1,NA,NA,NA,NA,NA,NA,NA,NA,NA,NA,NA
"ZBTB26","ZBTB26","MA1579.1","-2.01975",0.978815,0.821024,0.826646,0.0536471,398,"False",1,8.99007468845883e-08,3.86713974100536e-05,0.999262321427896,0.999261726690171,0.0050522202527757,0.240691630091746,0.971362780993265,NA,NA,NA,NA
"NKX2-2","NKX2-2","MA1645.1","-2.02416",0.979048,0.808135,0.813013,0.0468549,398,"False",1,NA,NA,NA,NA,NA,NA,NA,NA,NA,NA,NA
"OLIG1","OLIG1","MA0826.1","-2.03575",0.979584,0.768281,0.773932,0.051632,398,"False",1,0.16127852374808,0.141656041411159,NA,0.788061971894618,NA,0.995864625264086,0.68298489502251,NA,NA,NA,NA
"PITX2","PITX2","MA1547.1","-2.03808",0.979773,0.8419,0.849285,0.0724768,398,"False",1,NA,NA,NA,NA,NA,NA,NA,NA,NA,NA,NA
"PBX1","PBX1","MA0070.1","-2.04159",0.979901,0.779073,0.784579,0.051718,398,"False",1,7.71881651915983e-17,3.13271805348331e-07,0.754295718897988,0.754928688240422,-0.23570264618064,0.965295727653892,0.131559527451272,0.174406880366304,0.725051494430204,NA,0.601144775843288
"Rbpjl","Rbpjl","MA1621.1","-2.0724",0.981347,0.825865,0.831368,0.0502356,398,"False",1,NA,NA,NA,NA,NA,NA,NA,NA,NA,NA,NA
"GBX1","GBX1","MA0889.1","-2.09343",0.982282,0.810347,0.817305,0.0623215,398,"False",1,NA,NA,NA,NA,NA,NA,NA,NA,NA,NA,NA
"Atoh1","Atoh1","MA0461.2","-2.09442",0.982331,0.818355,0.823517,0.046477,398,"False",1,NA,NA,NA,NA,NA,NA,NA,NA,NA,NA,NA
"FOXN3","FOXN3","MA1489.1","-2.12404",0.98363,0.756595,0.765425,0.0822513,398,"False",1,1.36437917264493e-24,2.21209933704842e-11,0.718142794548427,0.718360488764811,-0.0311195337756668,3.66226333245584e-06,0.113753707126615,NA,NA,NA,NA
"GATA5","GATA5","MA0766.2","-2.13522",0.984062,0.840247,0.846353,0.0552497,398,"False",1,NA,NA,NA,NA,NA,NA,NA,NA,NA,NA,NA
"PPARA","PPARA::RXRA","MA1148.1","-2.14997",0.984723,0.75524,0.759183,0.0386076,398,"False",1,1.26745857954555e-06,0.0117106776131275,0.84441237198818,0.843940988957226,0.0967916997642796,0.0019007797136471,0.128379271128571,NA,NA,NA,NA
"RXRA","PPARA::RXRA","MA1148.1","-2.14997",0.984723,0.75524,0.759183,0.0386076,398,"False",1,0.0253397830817513,0.0696143243971587,NA,NA,NA,0.175594717197463,0.771439033779531,0.869219483424042,0.375971903073589,NA,0.613913242363343
"ZNF136","ZNF136","MA1588.1","-2.15712",0.984919,0.722774,0.727715,0.0442304,398,"False",1,0.00232911453303658,0.00102951594794578,0.91148097274393,0.911231022046321,0.301223471652095,0.628262310967271,0.523839623329315,NA,NA,NA,NA
"HOXB7","HOXB7","MA1501.1","-2.1729",0.985473,0.83016,0.835693,0.0467021,398,"False",1,NA,NA,NA,NA,NA,NA,NA,NA,NA,NA,NA
"MIXL1","MIXL1","MA0662.1","-2.17278",0.985487,0.850561,0.85787,0.0632638,398,"False",1,NA,NA,NA,NA,NA,NA,NA,NA,NA,NA,NA
"Ddit3","Ddit3::Cebpa","MA0019.1","-2.17479",0.985594,0.821336,0.826143,0.0433219,398,"False",1,1.22303985570389e-29,1.3999835017706e-12,0.491103921930419,0.489136634532174,-0.35280199124817,0.000179616323936113,0.0678458650601683,NA,NA,NA,NA
"Cebpa","Ddit3::Cebpa","MA0019.1","-2.17479",0.985594,0.821336,0.826143,0.0433219,398,"False",1,1.03189410355897e-24,7.75329182443038e-08,0.737464975947723,0.737571771934882,-0.252229377400156,0.00488497179514342,0.168864167127996,NA,NA,NA,NA
"BHLHE23","BHLHE23","MA0817.1","-2.17872",0.985709,0.754546,0.760671,0.0530913,398,"False",1,NA,NA,NA,NA,NA,NA,NA,NA,NA,NA,NA
"FOXD2","FOXD2","MA0847.2","-2.18166",0.985822,0.805779,0.812352,0.0573815,398,"False",1,NA,NA,NA,NA,NA,NA,NA,NA,NA,NA,NA
"GBX2","GBX2","MA0890.1","-2.1946",0.986272,0.823703,0.831573,0.0671704,398,"False",1,NA,NA,NA,NA,NA,NA,NA,NA,NA,NA,NA
"ZNF75D","ZNF75D","MA1601.1","-2.19576",0.986358,0.831469,0.837522,0.054739,398,"False",1,2.00644308296597e-18,2.10478918859998e-18,0.571850525558314,0.571453028799226,0.240017605583332,0.666877967662472,0.0284601290853761,NA,NA,NA,NA
"EN2","EN2","MA0642.1","-2.19979",0.986468,0.858812,0.86434,0.0479676,398,"False",1,NA,NA,NA,NA,NA,NA,NA,NA,NA,NA,NA
"Crx","Crx","MA0467.1","-2.20652",0.98671,0.812483,0.817748,0.0461358,398,"False",1,NA,NA,NA,NA,NA,NA,NA,NA,NA,NA,NA
"Nobox","Nobox","MA0125.1","-2.20776",0.986729,0.849746,0.856964,0.0612171,398,"False",1,NA,NA,NA,NA,NA,NA,NA,NA,NA,NA,NA
"Stat2","Stat2","MA1623.1","-2.2072",0.986731,0.781784,0.789435,0.0668078,398,"False",1,3.71881457699503e-12,7.38613374306812e-05,0.610542868949483,0.609024943672523,-0.32176518730354,0.0160867574700275,0.0407225449811784,0.951807750068795,0.711650650003689,NA,0.0333848167289206
"MSX1","MSX1","MA0666.1","-2.2085",0.986764,0.854249,0.861427,0.0616341,398,"False",1,0.122365369512356,0.00355199137941304,0.462471187976226,0.461226951289718,0.959910721962071,0.448101841559774,0.941075103416516,NA,NA,NA,NA
"Hmx3","Hmx3","MA0898.1","-2.2121",0.986861,0.727753,0.733844,0.0503877,398,"False",1,NA,NA,NA,NA,NA,NA,NA,NA,NA,NA,NA
"RORB","RORB","MA1150.1","-2.21533",0.987017,0.82101,0.826326,0.04684,398,"False",1,1.96695946972303e-13,2.28296912464895e-08,0.979244265627376,0.979490732049048,0.0572482936640018,0.000221647943537594,0.0712763311190559,NA,NA,NA,NA
"HESX1","HESX1","MA0894.1","-2.22114",0.987189,0.81862,0.826882,0.0705215,398,"False",1,0.324513020717176,0.120082213798806,NA,NA,NA,0.250902756793308,0.352791480103609,NA,NA,NA,NA
"ISL2","ISL2","MA0914.1","-2.22153",0.987222,0.859858,0.865869,0.0526962,398,"False",1,NA,NA,NA,NA,NA,NA,NA,NA,NA,NA,NA
"Hmx1","Hmx1","MA0896.1","-2.22935",0.987443,0.752666,0.758219,0.0461072,398,"False",1,NA,NA,NA,NA,NA,NA,NA,NA,NA,NA,NA
"FOXF2","FOXF2","MA0030.1","-2.22871",0.987482,0.769106,0.775928,0.0614892,398,"False",1,NA,NA,NA,NA,NA,NA,NA,NA,NA,NA,NA
"CUX2","CUX2","MA0755.1","-2.23097",0.98752,0.751781,0.75931,0.0647028,398,"False",1,3.09170301175638e-28,1.08849083964595e-18,0.718717821541862,0.718936216169667,0.134001432984596,5.6914908689039e-06,0.0459817743000649,NA,NA,NA,NA
"Hmx2","Hmx2","MA0897.1","-2.25179",0.988156,0.729807,0.735962,0.0505545,398,"False",1,NA,NA,NA,NA,NA,NA,NA,NA,NA,NA,NA
"Bhlha15","Bhlha15","MA0607.1","-2.25277",0.988192,0.851485,0.857561,0.0503005,398,"False",1,NA,NA,NA,NA,NA,NA,NA,NA,NA,NA,NA
"Shox2","Shox2","MA0720.1","-2.26901",0.988686,0.842599,0.85139,0.0722501,398,"False",1,NA,NA,NA,NA,NA,NA,NA,NA,NA,NA,NA
"ZNF384","ZNF384","MA1125.1","-2.26862",0.98872,0.788568,0.801516,0.113927,398,"False",1,0.892228594509373,0.398363559140475,NA,NA,NA,0.556200140731354,0.523495786469504,NA,NA,NA,NA
"MAF","MAF","MA1520.1","-2.27009",0.98873,0.745983,0.750653,0.0391211,398,"False",1,0.270044602463472,0.053481880381075,0.783394856403624,0.783646642534325,0.883703167062978,0.00560008708724537,0.196661637285431,NA,NA,NA,NA
"Foxo1","Foxo1","MA0480.1","-2.27273",0.988814,0.824723,0.831147,0.0541709,398,"False",1,0.598159715606506,0.0284527809278486,0.596490070672586,0.595162862985202,1.46267179605527,0.408806403901517,0.619634666737463,NA,NA,NA,NA
"ESX1","ESX1","MA0644.1","-2.27292",0.98882,0.836758,0.844224,0.0630251,398,"False",1,NA,NA,NA,NA,NA,NA,NA,NA,NA,NA,NA
"FIGLA","FIGLA","MA0820.1","-2.27361",0.988845,0.858343,0.863992,0.0480286,398,"False",1,NA,NA,NA,NA,NA,NA,NA,NA,NA,NA,NA
"ZKSCAN1","ZKSCAN1","MA1585.1","-2.29032",0.989324,0.784901,0.790744,0.0489781,398,"False",1,0.00709633638122188,0.0676175630357186,NA,NA,NA,0.583957462172834,0.311084512215833,NA,NA,NA,NA
"Foxd3","Foxd3","MA0041.1","-2.29585",0.989498,0.832481,0.840069,0.0652381,398,"False",1,NA,NA,NA,NA,NA,NA,NA,NA,NA,NA,NA
"FOXK1","FOXK1","MA0852.2","-2.3022",0.989672,0.785344,0.792099,0.0577743,398,"False",1,1.87000670956828e-05,0.00121990103792034,NA,NA,NA,0.454702546846674,0.425996646658363,0.686424230735269,0.863836719812999,NA,0.805641730246145
"SNAI1","SNAI1","MA1558.1","-2.30404",0.989687,0.869241,0.875314,0.048954,398,"False",1,NA,NA,NA,NA,NA,NA,NA,NA,NA,NA,NA
"LBX2","LBX2","MA0699.1","-2.30511",0.989736,0.839528,0.846595,0.0588357,398,"False",1,NA,NA,NA,NA,NA,NA,NA,NA,NA,NA,NA
"Dmbx1","Dmbx1","MA0883.1","-2.31735",0.990069,0.77892,0.784689,0.0479276,398,"False",1,NA,NA,NA,NA,NA,NA,NA,NA,NA,NA,NA
"Lhx8","Lhx8","MA0705.1","-2.31934",0.990107,0.85595,0.863363,0.0601192,398,"False",1,NA,NA,NA,NA,NA,NA,NA,NA,NA,NA,NA
"TBX6","TBX6","MA1567.1","-2.32186",0.990151,0.848745,0.85378,0.0391178,398,"False",1,NA,NA,NA,NA,NA,NA,NA,NA,NA,NA,NA
"NR1H4","NR1H4","MA1110.1","-2.32157",0.990156,0.789452,0.795691,0.0496128,398,"False",1,NA,NA,NA,NA,NA,NA,NA,NA,NA,NA,NA
"RFX3","RFX3","MA0798.2","-2.32669",0.990325,0.7671,0.773022,0.0498651,398,"False",1,8.97749766255134e-24,1.94159333180184e-08,0.558911057735706,0.558116959788681,-0.374835603019671,0.0033011063878688,0.410699417071459,NA,NA,NA,NA
"FOXO6","FOXO6","MA0849.1","-2.32966",0.990398,0.845432,0.853485,0.0672701,398,"False",1,NA,NA,NA,NA,NA,NA,NA,NA,NA,NA,NA
"MSX2","MSX2","MA0708.1","-2.34084",0.990668,0.830832,0.839384,0.069296,398,"False",1,NA,NA,NA,NA,NA,NA,NA,NA,NA,NA,NA
"UNCX","UNCX","MA0721.1","-2.34876",0.990861,0.846615,0.855265,0.0692715,398,"False",1,NA,NA,NA,NA,NA,NA,NA,NA,NA,NA,NA
"TCF7","TCF7","MA0769.2","-2.35235",0.990964,0.818015,0.825329,0.0599287,398,"False",1,2.54977013514057e-05,0.000317035877807838,0.911463683159329,0.911102551587798,0.104842307539739,0.961543680387776,0.855950598495664,NA,NA,NA,NA
"HOXA6","HOXA6","MA1497.1","-2.35769",0.991064,0.841207,0.84754,0.0490358,398,"False",1,NA,NA,NA,NA,NA,NA,NA,NA,NA,NA,NA
"GFI1","GFI1","MA0038.2","-2.36014",0.991171,0.790369,0.796408,0.0508738,398,"False",1,NA,NA,NA,NA,NA,NA,NA,NA,NA,NA,NA
"EN1","EN1","MA0027.2","-2.36236",0.991199,0.857715,0.86567,0.064037,398,"False",1,NA,NA,NA,NA,NA,NA,NA,NA,NA,NA,NA
"ONECUT2","ONECUT2","MA0756.1","-2.36313",0.991214,0.719691,0.72799,0.0664391,398,"False",1,1.21102960765364e-09,0.00125089825133115,0.350437607672696,0.348827397197996,-0.343771002254841,0.161410096267907,0.696701496608267,NA,NA,NA,NA
"DBP","DBP","MA0639.1","-2.36303",0.991238,0.774172,0.78137,0.0603411,398,"False",1,3.58124184098974e-20,2.88956574843223e-12,0.971345192986457,0.971377308802065,-0.0151362817681905,0.000286671334992241,0.0786459955004453,NA,NA,NA,NA
"NRL","NRL","MA0842.2","-2.37053",0.991401,0.773395,0.779201,0.0472947,398,"False",1,0.0187608885956805,0.666447234277468,0.990367624527067,0.990351166379798,0.0985619465936323,0.302685314132708,0.137056521115445,NA,NA,NA,NA
"ATF2","ATF2","MA1632.1","-2.37064",0.991415,0.772177,0.77972,0.0626805,398,"False",1,4.53350418408495e-11,5.59537068410596e-07,0.890233014445402,0.890044871810112,0.150526126847693,0.514906648909877,0.388306779408553,0.340891977561835,0.947094059139093,NA,0.16733694269777
"NR1I3","NR1I3","MA1534.1","-2.3869",0.991787,0.834717,0.841076,0.0523282,398,"False",1,NA,NA,NA,NA,NA,NA,NA,NA,NA,NA,NA
"PRRX1","PRRX1","MA0716.1","-2.39207",0.99188,0.84069,0.850064,0.0737234,398,"False",1,0.00465487989985296,0.019238618641894,0.972517722512746,0.972551069057037,0.0630709386965884,0.0309403177536793,0.0789714696604596,NA,NA,NA,NA
"MGA","MGA","MA0801.1","-2.39739",0.991977,0.850605,0.856725,0.0460156,398,"False",1,2.36434944569554e-26,4.29023271736082e-17,0.95076478394036,0.950651595620224,-0.0141670898969207,0.000188284012452898,0.65352314249042,NA,NA,NA,NA
"JUN","JUN::JUNB","MA1132.1","-2.3982",0.992032,0.811658,0.817917,0.0506316,398,"False",1,1.508912433933e-17,2.46806570041244e-14,0.884159232342222,0.883946268755348,0.053288392672907,0.000533383968000846,0.112885154565561,NA,NA,NA,NA
"JUNB","JUN::JUNB","MA1132.1","-2.3982",0.992032,0.811658,0.817917,0.0506316,398,"False",1,6.71748920319628e-11,3.8155471366722e-09,0.758629649188065,0.75942229034888,0.154754981778615,0.00544929074912458,0.15167485229194,NA,NA,NA,NA
"RAX2","RAX2","MA0717.1","-2.40084",0.992073,0.850663,0.859182,0.0666686,398,"False",1,NA,NA,NA,NA,NA,NA,NA,NA,NA,NA,NA
"MYF6","MYF6","MA0667.1","-2.4028",0.99213,0.784019,0.790362,0.0509681,398,"False",1,NA,NA,NA,NA,NA,NA,NA,NA,NA,NA,NA
"Msx3","Msx3","MA0709.1","-2.40494",0.992161,0.835882,0.845244,0.0729238,398,"False",1,NA,NA,NA,NA,NA,NA,NA,NA,NA,NA,NA
"GATA3","GATA3","MA0037.3","-2.41232",0.99232,0.854988,0.862595,0.0592033,398,"False",1,NA,NA,NA,NA,NA,NA,NA,NA,NA,NA,NA
"HOXA7","HOXA7","MA1498.1","-2.41914",0.992467,0.867433,0.874915,0.0583972,398,"False",1,NA,NA,NA,NA,NA,NA,NA,NA,NA,NA,NA
"MNX1","MNX1","MA0707.1","-2.4304",0.992688,0.849712,0.857582,0.0597862,398,"False",1,NA,NA,NA,NA,NA,NA,NA,NA,NA,NA,NA
"FOXI1","FOXI1","MA0042.2","-2.43011",0.992708,0.840648,0.849178,0.0683946,398,"False",1,NA,NA,NA,NA,NA,NA,NA,NA,NA,NA,NA
"JUN","JUN","MA0488.1","-2.43734",0.992884,0.787824,0.794577,0.0572296,398,"False",1,1.508912433933e-17,2.46806570041244e-14,0.884159232342222,0.883946268755348,0.053288392672907,0.000533383968000846,0.112885154565561,NA,NA,NA,NA
"HOXC8","HOXC8","MA1505.1","-2.44318",0.992943,0.864768,0.871986,0.0544518,398,"False",1,NA,NA,NA,NA,NA,NA,NA,NA,NA,NA,NA
"PHOX2B","PHOX2B","MA0681.2","-2.44286",0.992957,0.692145,0.70334,0.0882105,398,"False",1,NA,NA,NA,NA,NA,NA,NA,NA,NA,NA,NA
"TCF7L2","TCF7L2","MA0523.1","-2.44803",0.993065,0.806991,0.81315,0.0490793,398,"False",1,3.8083460947348e-05,0.00463977376569974,0.900598178079658,0.900542732090097,-0.0413434000956361,0.745276370968129,0.253468516339703,NA,NA,NA,NA
"Arid5a","Arid5a","MA0602.1","-2.45072",0.993119,0.772723,0.781936,0.0736103,398,"False",1,0.00493628787815214,0.00307061173067718,0.868492882679239,0.867765223303028,0.380991261935912,0.138749117963158,0.229949096535748,NA,NA,NA,NA
"GRHL2","GRHL2","MA1105.2","-2.45135",0.993121,0.775758,0.782541,0.0531594,398,"False",1,NA,NA,NA,NA,NA,NA,NA,NA,NA,NA,NA
"Dlx2","Dlx2","MA0885.1","-2.46549",0.993366,0.850275,0.860045,0.0720352,398,"False",1,NA,NA,NA,NA,NA,NA,NA,NA,NA,NA,NA
"HOXB8","HOXB8","MA1502.1","-2.46833",0.993426,0.85873,0.866955,0.0617382,398,"False",1,NA,NA,NA,NA,NA,NA,NA,NA,NA,NA,NA
"Foxj2","Foxj2","MA0614.1","-2.4679",0.993434,0.844106,0.852875,0.0682429,398,"False",1,3.6824295663325e-15,3.80888111401273e-13,0.691738946820866,0.6918678204226,0.26598550725652,0.00143317852929547,0.0813273835896974,NA,NA,NA,NA
"Ptf1a","Ptf1a","MA1620.1","-2.47325",0.993519,0.826403,0.833191,0.0511087,398,"False",1,NA,NA,NA,NA,NA,NA,NA,NA,NA,NA,NA
"LHX2","LHX2","MA0700.2","-2.47833",0.993628,0.792791,0.802205,0.0734539,398,"False",1,1.11810056041245e-08,0.000328810078612753,NA,NA,NA,0.49254496329755,0.342092768327139,NA,NA,NA,NA
"FOXO4","FOXO4","MA0848.1","-2.48543",0.993756,0.861168,0.869398,0.0642891,398,"True",1,6.86029003098514e-11,4.22994664404257e-12,0.265647308667824,0.264487433989791,0.565334225190808,0.890921690390289,0.6237672630701,NA,NA,NA,NA
"PROP1","PROP1","MA0715.1","-2.48844",0.993803,0.731105,0.741717,0.081619,398,"False",1,NA,NA,NA,NA,NA,NA,NA,NA,NA,NA,NA
"Nkx3-1","Nkx3-1","MA0124.2","-2.49022",0.993829,0.825688,0.832362,0.0507208,398,"False",1,NA,NA,NA,NA,NA,NA,NA,NA,NA,NA,NA
"SRF","SRF","MA0083.3","-2.50421",0.994117,0.677585,0.683802,0.0521231,398,"False",1,5.39011000472123e-06,0.000129245223486829,0.87154173363866,0.870938887544284,0.230486846960343,0.129811532833341,0.262205241969036,0.576468264900725,0.944378934350941,NA,0.33087204213612
"ONECUT3","ONECUT3","MA0757.1","-2.50704",0.994125,0.71389,0.723323,0.0724302,398,"False",1,NA,NA,NA,NA,NA,NA,NA,NA,NA,NA,NA
"FOXO3","FOXO3","MA0157.2","-2.50707",0.994126,0.814762,0.823193,0.0648236,398,"False",1,3.41351788062015e-07,0.000235583785854815,NA,NA,NA,0.0725067290468086,0.859031549902821,0.708465826649038,0.56455455911268,NA,0.0883979998515421
"Nr1h3","Nr1h3::Rxra","MA0494.1","-2.50986",0.994163,0.789416,0.793816,0.032988,398,"False",1,4.23965186844605e-05,1.82560232476787e-05,0.789152421327671,0.789140409079517,0.390625374898667,0.134992438698139,0.885513266461594,NA,NA,NA,NA
"Rxra","Nr1h3::Rxra","MA0494.1","-2.50986",0.994163,0.789416,0.793816,0.032988,398,"False",1,0.0253397830817513,0.0696143243971587,NA,NA,NA,0.175594717197463,0.771439033779531,0.869219483424042,0.375971903073589,NA,0.613913242363343
"DUX4","DUX4","MA0468.1","-2.51366",0.994243,0.791681,0.799608,0.0618571,398,"False",1,NA,NA,NA,NA,NA,NA,NA,NA,NA,NA,NA
"TGIF2","TGIF2","MA0797.1","-2.52099",0.994344,0.724497,0.730896,0.0475775,398,"False",1,NA,NA,NA,NA,NA,NA,NA,NA,NA,NA,NA
"BARX2","BARX2","MA1471.1","-2.52173",0.99435,0.804769,0.814035,0.0678376,398,"False",1,NA,NA,NA,NA,NA,NA,NA,NA,NA,NA,NA
"CUX1","CUX1","MA0754.1","-2.52374",0.994396,0.765632,0.774403,0.0662811,398,"False",1,3.06972136297079e-23,2.94672981515306e-15,0.770422739545036,0.771080437342406,0.193600249921017,9.53252313992079e-05,0.126453291102194,0.996803117017848,0.243480418254538,NA,0.635750021025098
"PHOX2A","PHOX2A","MA0713.1","-2.53264",0.994535,0.761786,0.77139,0.0719799,398,"False",1,NA,NA,NA,NA,NA,NA,NA,NA,NA,NA,NA
"HOXA5","HOXA5","MA0158.2","-2.54291",0.994684,0.855998,0.863656,0.0555746,398,"False",1,NA,NA,NA,NA,NA,NA,NA,NA,NA,NA,NA
"HOXD8","HOXD8","MA0910.2","-2.55048",0.994805,0.854087,0.862371,0.060896,398,"False",1,NA,NA,NA,NA,NA,NA,NA,NA,NA,NA,NA
"ISX","ISX","MA0654.1","-2.55124",0.994805,0.831176,0.841417,0.0728997,398,"False",1,NA,NA,NA,NA,NA,NA,NA,NA,NA,NA,NA
"Sox17","Sox17","MA0078.1","-2.55361",0.994853,0.867766,0.875054,0.0537385,398,"False",1,NA,NA,NA,NA,NA,NA,NA,NA,NA,NA,NA
"Gfi1b","Gfi1b","MA0483.1","-2.55508",0.99489,0.830263,0.836853,0.05048,398,"False",1,NA,NA,NA,NA,NA,NA,NA,NA,NA,NA,NA
"NFAT5","NFAT5","MA0606.1","-2.55698",0.994898,0.864413,0.871135,0.0487849,398,"False",1,2.22848462390195e-28,9.5141810483827e-11,0.778912088857306,0.779582272933532,-0.198860416281491,0.00629582558916406,0.955176210000423,0.240970482817159,0.745438247017061,NA,0.0273215897971955
"GSX2","GSX2","MA0893.2","-2.55936",0.994932,0.884892,0.892,0.051365,398,"False",1,NA,NA,NA,NA,NA,NA,NA,NA,NA,NA,NA
"OTX2","OTX2","MA0712.2","-2.55787",0.994933,0.81508,0.823168,0.0621831,398,"False",1,NA,NA,NA,NA,NA,NA,NA,NA,NA,NA,NA
"SOX14","SOX14","MA1562.1","-2.57049",0.995109,0.771891,0.778832,0.0522329,398,"False",1,NA,NA,NA,NA,NA,NA,NA,NA,NA,NA,NA
"DLX5","DLX5","MA1476.1","-2.57881",0.995212,0.822146,0.833255,0.0800181,398,"False",1,NA,NA,NA,NA,NA,NA,NA,NA,NA,NA,NA
"PAX7","PAX7","MA0680.1","-2.58415",0.995296,0.708767,0.718947,0.075263,398,"False",1,0.000203791643919319,0.000100615694032282,0.868516902015646,0.867791197050156,0.289450562023845,0.00722176578516282,0.0416731887686946,NA,NA,NA,NA
"Bach1","Bach1::Mafk","MA0591.1","-2.5876",0.995325,0.760886,0.76653,0.0394112,398,"False",1,0.737709369514819,0.0428768393210988,0.636963827605549,NA,1.65439219862805,0.182563937596324,0.909323602293788,NA,NA,NA,NA
"Mafk","Bach1::Mafk","MA0591.1","-2.5876",0.995325,0.760886,0.76653,0.0394112,398,"False",1,6.70677230355141e-29,1.62976543328296e-18,0.853742299143755,0.853182914377166,-0.107475138030902,0.0047853156545872,0.128754523057137,NA,NA,NA,NA
"HOXB2","HOXB2","MA0902.2","-2.58946",0.995357,0.865228,0.873685,0.0603558,398,"False",1,NA,NA,NA,NA,NA,NA,NA,NA,NA,NA,NA
"ONECUT1","ONECUT1","MA0679.2","-2.59226",0.995403,0.706828,0.717223,0.0758344,398,"False",1,NA,NA,NA,NA,NA,NA,NA,NA,NA,NA,NA
"ZNF24","ZNF24","MA1124.1","-2.60918",0.995646,0.701116,0.709547,0.0647723,398,"False",1,0.226317888653064,0.00889871598298123,NA,NA,NA,0.455376915480886,0.93940634455753,NA,NA,NA,NA
"PAX3","PAX3","MA0780.1","-2.61455",0.995699,0.718846,0.72919,0.0757148,398,"False",1,NA,NA,NA,NA,NA,NA,NA,NA,NA,NA,NA
"BSX","BSX","MA0876.1","-2.63124",0.995895,0.877397,0.886044,0.0605716,398,"False",1,NA,NA,NA,NA,NA,NA,NA,NA,NA,NA,NA
"DPRX","DPRX","MA1480.1","-2.63232",0.995928,0.797323,0.804567,0.054088,398,"False",1,NA,NA,NA,NA,NA,NA,NA,NA,NA,NA,NA
"SNAI3","SNAI3","MA1559.1","-2.65017",0.996122,0.829037,0.835868,0.0479943,398,"False",1,2.6262415410505e-09,4.28764276126847e-08,0.863355428315331,0.862724282523801,0.21686271278029,0.938675171781356,0.84627603603737,NA,NA,NA,NA
"EMX2","EMX2","MA0886.1","-2.65908",0.996214,0.814674,0.82385,0.0619086,398,"False",1,NA,NA,NA,NA,NA,NA,NA,NA,NA,NA,NA
"TEF","TEF","MA0843.1","-2.66566",0.996305,0.762555,0.770451,0.0564757,398,"False",1,8.22373557404727e-26,1.01067310163271e-16,0.845031757236016,0.844563961219677,0.0292939530346328,0.0361817708953812,0.472187412400151,NA,NA,NA,NA
"HOXB6","HOXB6","MA1500.1","-2.66702",0.996308,0.880703,0.887805,0.0487219,398,"False",1,NA,NA,NA,NA,NA,NA,NA,NA,NA,NA,NA
"SIX1","SIX1","MA1118.1","-2.67471",0.996423,0.781494,0.788541,0.0535886,398,"False",1,NA,NA,NA,NA,NA,NA,NA,NA,NA,NA,NA
"BARX1","BARX1","MA0875.1","-2.67705",0.996424,0.870036,0.879305,0.0648093,398,"False",1,NA,NA,NA,NA,NA,NA,NA,NA,NA,NA,NA
"TGIF1","TGIF1","MA0796.1","-2.67899",0.996443,0.689606,0.696999,0.0512278,398,"False",1,0.000346280104944965,0.00938198954010884,0.881534944139567,0.881312330490619,0.0367425955329484,0.0638329946629404,0.211376506535248,NA,NA,NA,NA
"FOXD1","FOXD1","MA0031.1","-2.68036",0.996466,0.825054,0.834363,0.0664527,398,"False",1,NA,NA,NA,NA,NA,NA,NA,NA,NA,NA,NA
"Foxq1","Foxq1","MA0040.1","-2.68419",0.996498,0.796297,0.805412,0.0631123,398,"False",1,NA,NA,NA,NA,NA,NA,NA,NA,NA,NA,NA
"DUXA","DUXA","MA0884.1","-2.73673",0.997038,0.776735,0.785032,0.0615095,398,"False",1,NA,NA,NA,NA,NA,NA,NA,NA,NA,NA,NA
"HMBOX1","HMBOX1","MA0895.1","-2.73955",0.997042,0.824727,0.83189,0.0488226,398,"False",1,3.24875394433002e-33,3.03295653335291e-15,0.691738946820866,0.6918678204226,-0.181259239943638,6.15172148616795e-06,0.0677759692323121,NA,NA,NA,NA
"FOXC1","FOXC1","MA0032.2","-2.7439",0.997089,0.81569,0.825264,0.0672181,398,"False",1,NA,NA,NA,NA,NA,NA,NA,NA,NA,NA,NA
"Stat6","Stat6","MA0520.1","-2.75105",0.997146,0.801703,0.809161,0.0508998,398,"False",1,0.347631231125761,0.549519116002549,NA,NA,NA,0.74456348868205,0.696324416429879,0.622387618922017,0.241698580132319,NA,0.342521157138174
"Ptf1a","Ptf1a","MA1618.1","-2.75087",0.997149,0.810079,0.817587,0.052291,398,"False",1,NA,NA,NA,NA,NA,NA,NA,NA,NA,NA,NA
"Arid3a","Arid3a","MA0151.1","-2.75054",0.99715,0.878419,0.890637,0.0865519,398,"False",1,5.24095330503937e-24,1.32534243122847e-08,0.971345192986457,0.971377308802065,-0.0609260235023401,2.21082193873201e-06,0.0136905891272271,NA,NA,NA,NA
"TLX2","TLX2","MA1577.1","-2.75378",0.997174,0.829917,0.842124,0.0844957,398,"False",1,NA,NA,NA,NA,NA,NA,NA,NA,NA,NA,NA
"HOXD3","HOXD3","MA0912.2","-2.75897",0.997199,0.809041,0.818275,0.0582638,398,"False",1,NA,NA,NA,NA,NA,NA,NA,NA,NA,NA,NA
"FOXP1","FOXP1","MA0481.3","-2.75784",0.997215,0.806074,0.816202,0.0718063,398,"False",1,1.93495162520356e-42,2.76741035863716e-22,0.915011823480961,0.914878068629031,-0.0417197780828277,2.86741504442096e-05,0.299214513541868,NA,NA,NA,NA
"LHX5","LHX5","MA1519.1","-2.76629",0.997268,0.819281,0.830107,0.0703807,398,"False",1,NA,NA,NA,NA,NA,NA,NA,NA,NA,NA,NA
"Dlx4","Dlx4","MA0881.1","-2.76842",0.997291,0.861761,0.871196,0.062689,398,"False",1,NA,NA,NA,NA,NA,NA,NA,NA,NA,NA,NA
"Mafb","Mafb","MA0117.2","-2.7731",0.997347,0.806253,0.812943,0.0479463,398,"False",1,NA,NA,NA,NA,NA,NA,NA,NA,NA,NA,NA
"Dlx3","Dlx3","MA0880.1","-2.77814",0.997371,0.859767,0.869648,0.065433,398,"False",1,NA,NA,NA,NA,NA,NA,NA,NA,NA,NA,NA
"LHX9","LHX9","MA0701.2","-2.78223",0.997402,0.820212,0.830304,0.0658362,398,"False",1,NA,NA,NA,NA,NA,NA,NA,NA,NA,NA,NA
"NKX2-5","NKX2-5","MA0063.2","-2.78666",0.997448,0.825876,0.833775,0.0542969,398,"False",1,NA,NA,NA,NA,NA,NA,NA,NA,NA,NA,NA
"GATA4","GATA4","MA0482.2","-2.78656",0.99746,0.794554,0.802708,0.0590378,398,"False",1,NA,NA,NA,NA,NA,NA,NA,NA,NA,NA,NA
"Isl1","Isl1","MA1608.1","-2.78977",0.99746,0.808827,0.81737,0.0550739,398,"False",1,NA,NA,NA,NA,NA,NA,NA,NA,NA,NA,NA
"DRGX","DRGX","MA1481.1","-2.79762",0.997529,0.848884,0.859175,0.0685956,398,"False",1,4.53918479747564e-05,5.8962224586729e-07,0.811227134514137,0.8110240118866,0.266891240271453,8.02470201782815e-05,0.00876445514785314,NA,NA,NA,NA
"Arx","Arx","MA0874.1","-2.80074",0.99755,0.724848,0.733105,0.0541649,398,"False",1,NA,NA,NA,NA,NA,NA,NA,NA,NA,NA,NA
"SOX9","SOX9","MA0077.1","-2.80134",0.997554,0.836407,0.843883,0.0488767,398,"False",1,0.696179898708991,0.231547702358515,NA,NA,NA,0.0116591642087767,0.5052255471278,0.416369399138638,0.88662943890387,NA,0.997916551413244
"VAX2","VAX2","MA0723.1","-2.80298",0.997555,0.847327,0.856277,0.0549692,398,"False",1,NA,NA,NA,NA,NA,NA,NA,NA,NA,NA,NA
"FOXP2","FOXP2","MA0593.1","-2.81083",0.997635,0.815681,0.825244,0.0654992,398,"False",1,5.38762186679992e-07,0.0137859469049305,0.793138312959654,0.793274556556236,-0.467561032083458,0.74851408127588,0.319028008686146,NA,NA,NA,NA
"EVX1","EVX1","MA0887.1","-2.82228",0.99771,0.845277,0.85347,0.0534326,398,"False",1,NA,NA,NA,NA,NA,NA,NA,NA,NA,NA,NA
"Dlx1","Dlx1","MA0879.1","-2.82783",0.997749,0.846451,0.856185,0.0632644,398,"False",1,NA,NA,NA,NA,NA,NA,NA,NA,NA,NA,NA
"PAX6","PAX6","MA0069.1","-2.82774",0.997752,0.762413,0.767996,0.0370115,398,"False",1,NA,NA,NA,NA,NA,NA,NA,NA,NA,NA,NA
"Nr2e1","Nr2e1","MA0676.1","-2.83103",0.997794,0.826325,0.834504,0.0592478,398,"False",1,NA,NA,NA,NA,NA,NA,NA,NA,NA,NA,NA
"FOXP3","FOXP3","MA0850.1","-2.83663",0.997825,0.901191,0.908238,0.0492111,398,"False",1,NA,NA,NA,NA,NA,NA,NA,NA,NA,NA,NA
"EVX2","EVX2","MA0888.1","-2.84151",0.997842,0.842262,0.850599,0.0533021,398,"False",1,NA,NA,NA,NA,NA,NA,NA,NA,NA,NA,NA
"TBP","TBP","MA0108.2","-2.84558",0.997875,0.811655,0.819899,0.0543038,398,"False",1,0.036002206795498,0.00674214328898109,NA,NA,NA,0.852087170080008,0.441045125638599,NA,NA,NA,NA
"HOXB5","HOXB5","MA0904.2","-2.85159",0.997911,0.844378,0.853491,0.0583586,398,"False",1,NA,NA,NA,NA,NA,NA,NA,NA,NA,NA,NA
"VSX1","VSX1","MA0725.1","-2.85756",0.997948,0.824846,0.836006,0.0702133,398,"False",1,NA,NA,NA,NA,NA,NA,NA,NA,NA,NA,NA
"ARGFX","ARGFX","MA1463.1","-2.85973",0.997972,0.763271,0.775068,0.0786643,398,"False",1,8.27677571941711e-10,2.54450963975934e-07,0.449693635549799,0.448388864110944,-0.112502724698762,0.144036560061641,0.394803149212473,NA,NA,NA,NA
"CEBPG","CEBPG","MA1636.1","-2.86421",0.998004,0.752939,0.761107,0.0555405,398,"False",1,0.000137563926801565,0.000487892093467464,0.761784691042324,0.762430868162488,0.389663137417563,0.159244051803056,0.196821930139563,NA,NA,NA,NA
"PRRX2","PRRX2","MA0075.3","-2.88441",0.998116,0.801414,0.8135,0.0753931,398,"False",1,NA,NA,NA,NA,NA,NA,NA,NA,NA,NA,NA
"RUNX1","RUNX1","MA0002.2","-2.8948",0.998196,0.845997,0.852338,0.0439758,398,"False",1,1.6929510081426e-06,0.000111969367651406,0.776910620331424,0.777432761469334,0.376613226539541,0.00556787921217813,0.146611449266683,NA,NA,NA,NA
"RFX1","RFX1","MA0509.2","-2.89907",0.998213,0.766091,0.773599,0.0497063,398,"False",1,1.24116029013422e-09,2.57362296026458e-07,0.944773970643978,0.944433645842729,0.129269872443364,0.241521493090818,0.719025046060397,NA,NA,NA,NA
"VSX2","VSX2","MA0726.1","-2.90318",0.998228,0.8089,0.820343,0.0715568,398,"False",1,NA,NA,NA,NA,NA,NA,NA,NA,NA,NA,NA
"LHX6","LHX6","MA0658.1","-2.90523",0.998239,0.798103,0.80722,0.0566858,398,"False",1,NA,NA,NA,NA,NA,NA,NA,NA,NA,NA,NA
"FOXC2","FOXC2","MA0846.1","-2.91945",0.998325,0.807983,0.818261,0.0668705,398,"False",1,NA,NA,NA,NA,NA,NA,NA,NA,NA,NA,NA
"VAX1","VAX1","MA0722.1","-2.93077",0.998371,0.847679,0.857371,0.0565364,398,"False",1,NA,NA,NA,NA,NA,NA,NA,NA,NA,NA,NA
"Lhx4","Lhx4","MA0704.1","-2.93627",0.998407,0.841608,0.85153,0.0612316,398,"False",1,0.000542167083211671,0.00321952126878158,0.802893501642964,0.802788726799452,0.206679740503423,0.835737967427513,0.932042269780841,NA,NA,NA,NA
"EMX1","EMX1","MA0612.2","-2.94277",0.998438,0.823696,0.834392,0.0646425,398,"False",1,1.12305932118927e-14,4.46158335461844e-05,0.840167573134149,0.839685093210535,-0.247694375443061,0.0411278832650374,0.199374015749818,NA,NA,NA,NA
"FOXK2","FOXK2","MA1103.2","-2.95166",0.998496,0.800703,0.811392,0.0708018,398,"False",1,2.44744866015745e-09,0.00123473455233245,NA,NA,NA,0.234161652616846,0.544674945160016,0.27267573429228,0.699716834839406,NA,0.823119953887679
"FOXL1","FOXL1","MA0033.2","-2.95647",0.998516,0.871928,0.88206,0.0656531,398,"False",1,NA,NA,NA,NA,NA,NA,NA,NA,NA,NA,NA
"DLX6","DLX6","MA0882.1","-2.95895",0.998523,0.858835,0.869207,0.0646367,398,"False",1,NA,NA,NA,NA,NA,NA,NA,NA,NA,NA,NA
"GATA2","GATA2","MA0036.3","-2.95935",0.998529,0.808953,0.818733,0.0628301,398,"False",1,NA,NA,NA,NA,NA,NA,NA,NA,NA,NA,NA
"MEOX2","MEOX2","MA0706.1","-2.9641",0.998541,0.832116,0.841309,0.0541821,398,"False",1,7.75731896049866e-17,1.42203261272142e-12,0.673650165119904,0.672858775203491,0.284884053069462,0.0221627516987065,0.251015983731341,NA,NA,NA,NA
"HOXA1","HOXA1","MA1495.1","-2.96532",0.998552,0.859971,0.869061,0.0558093,398,"False",1,NA,NA,NA,NA,NA,NA,NA,NA,NA,NA,NA
"TBX5","TBX5","MA0807.1","-2.97107",0.998577,0.865068,0.87192,0.0412681,398,"False",1,NA,NA,NA,NA,NA,NA,NA,NA,NA,NA,NA
"TBX4","TBX4","MA0806.1","-3.00962",0.998746,0.855037,0.862423,0.0435399,398,"False",1,NA,NA,NA,NA,NA,NA,NA,NA,NA,NA,NA
"Sox5","Sox5","MA0087.1","-3.01711",0.998785,0.852498,0.863871,0.0719911,398,"False",1,1.65537571369591e-24,8.47550472043032e-14,0.924188913801668,0.924413226991991,-0.0630093210867034,8.95035948355482e-05,0.0453822535799348,0.188066965759754,0.975502902396159,NA,0.537445884072032
"LBX1","LBX1","MA0618.1","-3.04423",0.998885,0.835983,0.845877,0.0588711,398,"False",1,NA,NA,NA,NA,NA,NA,NA,NA,NA,NA,NA
"RORC","RORC","MA1151.1","-3.04189",0.998886,0.824815,0.831566,0.0438965,398,"False",1,NA,NA,NA,NA,NA,NA,NA,NA,NA,NA,NA
"GATA1","GATA1","MA0035.4","-3.04231",0.998886,0.798267,0.807908,0.0621281,398,"False",1,NA,NA,NA,NA,NA,NA,NA,NA,NA,NA,NA
"ALX3","ALX3","MA0634.1","-3.049",0.998907,0.822242,0.8326,0.064514,398,"False",1,NA,NA,NA,NA,NA,NA,NA,NA,NA,NA,NA
"VENTX","VENTX","MA0724.1","-3.05617",0.998935,0.81155,0.821439,0.0621244,398,"False",1,NA,NA,NA,NA,NA,NA,NA,NA,NA,NA,NA
"POU1F1","POU1F1","MA0784.1","-3.06599",0.998971,0.722469,0.733381,0.0696288,398,"False",1,NA,NA,NA,NA,NA,NA,NA,NA,NA,NA,NA
"Dmrt1","Dmrt1","MA1603.1","-3.0867",0.999038,0.747594,0.756716,0.0559052,398,"False",1,NA,NA,NA,NA,NA,NA,NA,NA,NA,NA,NA
"RHOXF1","RHOXF1","MA0719.1","-3.09483",0.99907,0.941214,0.946755,0.0360973,398,"False",1,0.00104861584462735,0.0086778560261718,0.921851112214014,0.921851579102261,0.0783234747081384,0.880144240777913,0.664761690244766,NA,NA,NA,NA
"NFIL3","NFIL3","MA0025.2","-3.10628",0.999103,0.759551,0.770336,0.0680155,398,"False",1,1.47030830326952e-05,7.65590889120506e-06,0.521123464001335,0.520295140506198,0.450564276393426,0.185994869718618,0.263065240049172,NA,NA,NA,NA
"MXI1","MXI1","MA1108.2","-3.12632",0.99916,0.8541,0.863902,0.0597454,398,"False",1,3.89781906428173e-05,0.00594828670366022,NA,NA,NA,0.0127942529755195,0.275614707972829,NA,NA,NA,NA
"HOXA2","HOXA2","MA0900.2","-3.13794",0.999185,0.821113,0.833052,0.0658781,398,"False",1,NA,NA,NA,NA,NA,NA,NA,NA,NA,NA,NA
"HLF","HLF","MA0043.3","-3.14276",0.999208,0.761214,0.771213,0.0622135,398,"False",1,2.80326819902206e-20,3.63917625243371e-14,0.716166255839223,0.716736679560039,0.14123408930761,0.0559761997195386,0.257722142846824,NA,NA,NA,NA
"LMX1B","LMX1B","MA0703.2","-3.16502",0.999265,0.731377,0.746153,0.08859,398,"False",1,NA,NA,NA,NA,NA,NA,NA,NA,NA,NA,NA
"NOTO","NOTO","MA0710.1","-3.17804",0.999292,0.839111,0.8494,0.057443,398,"False",1,NA,NA,NA,NA,NA,NA,NA,NA,NA,NA,NA
"HOXB3","HOXB3","MA0903.1","-3.18502",0.999312,0.860113,0.870484,0.0599576,398,"False",1,NA,NA,NA,NA,NA,NA,NA,NA,NA,NA,NA
"POU3F3","POU3F3","MA0788.1","-3.18445",0.999315,0.749884,0.761638,0.0720162,398,"False",1,1.00836771383245e-09,4.56988987370376e-05,0.740958091444281,0.741568422466295,0.227937627910548,0.1742024245762,0.336250558424983,0.962883981739094,0.617304210265653,NA,0.420911331086377
"TFAP4","TFAP4","MA1570.1","-3.19146",0.999329,0.853277,0.860875,0.0448084,398,"False",1,0.000107945151944895,0.000473456098112876,0.930163236614563,0.930400768021994,0.141406546908519,0.9317138418434,0.498001989863046,NA,NA,NA,NA
"Foxf1","Foxf1","MA1606.1","-3.20029",0.99935,0.799554,0.811742,0.0729514,398,"False",1,NA,NA,NA,NA,NA,NA,NA,NA,NA,NA,NA
"MEIS2","MEIS2","MA0774.1","-3.20115",0.999354,0.852169,0.861224,0.0551221,398,"False",1,2.62831652168386e-05,0.00760286750949585,0.977790214199298,0.977836832207544,-0.140012036232862,0.0257789523533004,0.0797639340000631,NA,NA,NA,NA
"MEF2B","MEF2B","MA0660.1","-3.21544",0.999384,0.735211,0.747181,0.0712549,398,"False",1,NA,NA,NA,NA,NA,NA,NA,NA,NA,NA,NA
"ATF4","ATF4","MA0833.2","-3.22292",0.999403,0.753688,0.762907,0.0571818,398,"False",1,1.64868487538317e-26,1.41943269214e-17,0.639931389934942,0.639384451464354,-0.141360112815392,0.000236992525284572,0.0375993405675875,NA,NA,NA,NA
"Foxj3","Foxj3","MA0851.1","-3.22399",0.999403,0.769163,0.779994,0.0655173,398,"False",1,5.67425652241608e-09,0.0200466928947971,NA,NA,NA,0.0148298624190843,0.632875896626121,NA,NA,NA,NA
"ZNF317","ZNF317","MA1593.1","-3.22389",0.999407,0.787758,0.796164,0.0535999,398,"False",1,0.00254978837285148,0.00028697203668781,0.787533504463605,0.787374581503896,0.470107514945526,0.599464913515288,0.584726693711329,NA,NA,NA,NA
"Arid3b","Arid3b","MA0601.1","-3.235",0.999424,0.778481,0.79376,0.0891262,398,"False",1,9.01612767815182e-17,1.11648755347666e-06,0.750091035433473,0.750716809281582,0.00528366315589232,0.00423128445836538,0.345285675008941,NA,NA,NA,NA
"Alx4","Alx4","MA0853.1","-3.24324",0.999439,0.731403,0.74091,0.0534882,398,"False",1,NA,NA,NA,NA,NA,NA,NA,NA,NA,NA,NA
"FOXA3","FOXA3","MA1683.1","-3.24738",0.999451,0.801624,0.81337,0.0712352,398,"False",1,NA,NA,NA,NA,NA,NA,NA,NA,NA,NA,NA
"HOXC4","HOXC4","MA1504.1","-3.25265",0.999454,0.871033,0.882558,0.0616048,398,"False",1,NA,NA,NA,NA,NA,NA,NA,NA,NA,NA,NA
"MEOX1","MEOX1","MA0661.1","-3.25269",0.999455,0.825332,0.835225,0.0538327,398,"False",1,NA,NA,NA,NA,NA,NA,NA,NA,NA,NA,NA
"CREB1","CREB1","MA0018.4","-3.2655",0.999485,0.775707,0.786928,0.0669391,398,"False",1,0.203842840058736,0.164067012684051,NA,NA,NA,0.438563819938428,0.694495446885467,0.14229652610327,0.479017459204903,NA,0.689091370503716
"SOX15","SOX15","MA1152.1","-3.26675",0.999489,0.856732,0.866958,0.0622149,398,"False",1,2.53018177898615e-06,0.000140303230216807,0.578811190330383,0.578141108685494,0.107809172812739,0.0676385559856829,0.203634110962107,NA,NA,NA,NA
"FOS","FOS::JUND","MA1141.1","-3.27006",0.999489,0.781814,0.791116,0.0511073,398,"False",1,1.61553907596238e-07,0.00104150169983918,0.557525972716661,0.555916968654112,0.164952456643663,0.706569654479933,NA,NA,NA,NA,NA
"JUND","FOS::JUND","MA1141.1","-3.27006",0.999489,0.781814,0.791116,0.0511073,398,"False",1,1.038036504188e-14,1.68484293492594e-13,0.745817400720349,0.746758466375359,0.197119682601069,0.00442334252641151,0.195803052907298,0.0702013129310858,0.191449865455824,0.358392089182732,0.940993839305649
"NKX6-1","NKX6-1","MA0674.1","-3.27224",0.999491,0.852257,0.863258,0.0587262,398,"False",1,NA,NA,NA,NA,NA,NA,NA,NA,NA,NA,NA
"MEF2C","MEF2C","MA0497.1","-3.26887",0.999492,0.792121,0.802844,0.064354,398,"False",1,0.585676911978324,0.074360066840299,NA,NA,NA,0.467753208374683,0.0299942400219703,0.960342693714197,0.485982557728263,NA,0.51033241073401
"Alx1","Alx1","MA0854.1","-3.27442",0.999498,0.732847,0.743078,0.0572654,398,"False",1,NA,NA,NA,NA,NA,NA,NA,NA,NA,NA,NA
"TEAD3","TEAD3","MA0808.1","-3.2791",0.999506,0.861239,0.870246,0.0502719,398,"False",1,NA,NA,NA,NA,NA,NA,NA,NA,NA,NA,NA
"ZNF382","ZNF382","MA1594.1","-3.28868",0.999528,0.674923,0.680435,0.0337185,398,"False",1,1.75391881050887e-20,1.31409480535754e-08,0.631270766867893,0.630367232291512,-0.344027619048347,0.207695436490242,0.794789743112739,NA,NA,NA,NA
"ZBTB32","ZBTB32","MA1580.1","-3.30298",0.999547,0.76723,0.777553,0.0581201,398,"False",1,0.00388233824510126,4.84671864845325e-06,0.662725387064794,0.662106721884745,0.484442255127,0.503650537595008,0.533121012749649,NA,NA,NA,NA
"TBX15","TBX15","MA0803.1","-3.30446",0.999548,0.825771,0.834836,0.0491127,398,"False",1,NA,NA,NA,NA,NA,NA,NA,NA,NA,NA,NA
"FOSL1","FOSL1::JUN","MA1128.1","-3.31408",0.999564,0.789816,0.799226,0.051665,398,"False",1,NA,NA,NA,NA,NA,NA,NA,NA,NA,NA,NA
"JUN","FOSL1::JUN","MA1128.1","-3.31408",0.999564,0.789816,0.799226,0.051665,398,"False",1,1.508912433933e-17,2.46806570041244e-14,0.884159232342222,0.883946268755348,0.053288392672907,0.000533383968000846,0.112885154565561,NA,NA,NA,NA
"PKNOX2","PKNOX2","MA0783.1","-3.31769",0.999572,0.714349,0.723001,0.0501382,398,"False",1,1.6646246222448e-19,3.23761850120408e-11,0.906447562050304,0.906408468791982,0.0664534710108268,0.646625064066225,0.254932422017009,NA,NA,NA,NA
"FOXA1","FOXA1","MA0148.4","-3.31814",0.999574,0.775333,0.786924,0.0678933,398,"False",1,NA,NA,NA,NA,NA,NA,NA,NA,NA,NA,NA
"SOX4","SOX4","MA0867.2","-3.32324",0.999581,0.854124,0.863611,0.05534,398,"False",1,2.22301641884006e-07,9.54777007476543e-07,0.783695774422925,0.783806943032116,-0.0207818871906623,0.881086292624286,0.763387283905947,NA,NA,NA,NA
"MEF2D","MEF2D","MA0773.1","-3.32372",0.999581,0.743961,0.756895,0.0746368,398,"False",1,3.7270350140841e-37,4.87682429844599e-24,0.937302122130042,0.937252628780653,-0.0631769767746317,9.00186362263848e-09,0.0152832230020046,0.91522181572872,0.594905535137446,NA,0.714634660915595
"POU3F1","POU3F1","MA0786.1","-3.34036",0.999605,0.764231,0.776844,0.0717059,398,"False",1,5.43036681078902e-21,3.84002134668774e-15,0.88381540922631,0.883601213438397,-0.00932589026257592,7.38752971719823e-09,0.000667447107499979,NA,NA,NA,NA
"EOMES","EOMES","MA0800.1","-3.34545",0.999612,0.777802,0.785714,0.0444448,398,"False",1,NA,NA,NA,NA,NA,NA,NA,NA,NA,NA,NA
"Foxl2","Foxl2","MA1607.1","-3.35588",0.999627,0.762746,0.774689,0.0677303,398,"False",1,NA,NA,NA,NA,NA,NA,NA,NA,NA,NA,NA
"CEBPD","CEBPD","MA0836.2","-3.35654",0.999628,0.766894,0.776794,0.055347,398,"False",1,3.76061616705065e-09,0.00162652807703534,0.635858440247454,0.635012071511032,-0.0790039083740929,0.593544308385582,0.69971837344919,NA,NA,NA,NA
"NFE2","NFE2","MA0841.1","-3.35877",0.999629,0.746298,0.756022,0.0526291,398,"False",1,NA,NA,NA,NA,NA,NA,NA,NA,NA,NA,NA
"GSX1","GSX1","MA0892.1","-3.36404",0.999637,0.856113,0.865483,0.0517048,398,"False",1,NA,NA,NA,NA,NA,NA,NA,NA,NA,NA,NA
"POU3F4","POU3F4","MA0789.1","-3.36993",0.999646,0.775487,0.788443,0.0732224,398,"False",1,NA,NA,NA,NA,NA,NA,NA,NA,NA,NA,NA
"PAX4","PAX4","MA0068.2","-3.37276",0.99965,0.80378,0.81558,0.0667951,398,"False",1,NA,NA,NA,NA,NA,NA,NA,NA,NA,NA,NA
"FOXA2","FOXA2","MA0047.3","-3.37731",0.999657,0.798007,0.810188,0.0707456,398,"False",1,NA,NA,NA,NA,NA,NA,NA,NA,NA,NA,NA
"NKX6-2","NKX6-2","MA0675.1","-3.39236",0.999672,0.857555,0.869819,0.0651341,398,"False",1,0.559749513080284,0.962345522068438,NA,NA,NA,0.979491850586762,NA,NA,NA,NA,NA
"MAFF","MAFF","MA0495.3","-3.3962",0.999678,0.734619,0.743798,0.0511383,398,"False",1,NA,NA,NA,NA,NA,NA,NA,NA,NA,NA,NA
"MAFK","MAFK","MA0496.3","-3.40836",0.999692,0.736783,0.745989,0.0507376,398,"False",1,6.70677230355141e-29,1.62976543328296e-18,0.853742299143755,0.853182914377166,-0.107475138030902,0.0047853156545872,0.128754523057137,NA,NA,NA,NA
"Lhx3","Lhx3","MA0135.1","-3.41067",0.999695,0.764419,0.777149,0.070585,398,"False",1,NA,NA,NA,NA,NA,NA,NA,NA,NA,NA,NA
"NKX6-3","NKX6-3","MA1530.1","-3.42369",0.999707,0.843942,0.854417,0.0542381,398,"False",1,NA,NA,NA,NA,NA,NA,NA,NA,NA,NA,NA
"DMRT3","DMRT3","MA0610.1","-3.43161",0.999716,0.776125,0.786884,0.055689,398,"False",1,NA,NA,NA,NA,NA,NA,NA,NA,NA,NA,NA
"PDX1","PDX1","MA0132.2","-3.435",0.999719,0.847795,0.861063,0.0681639,398,"False",1,NA,NA,NA,NA,NA,NA,NA,NA,NA,NA,NA
"SCRT1","SCRT1","MA0743.2","-3.43402",0.999721,0.750882,0.759067,0.045542,398,"False",1,0.260027400564881,0.0368518172673719,0.408431372735155,0.407508748523896,1.03108650998721,0.324282787355725,0.228142403748998,NA,NA,NA,NA
"FOXE1","FOXE1","MA1487.1","-3.43699",0.999724,0.76447,0.774922,0.058712,398,"False",1,NA,NA,NA,NA,NA,NA,NA,NA,NA,NA,NA
"POU2F3","POU2F3","MA0627.2","-3.44327",0.99973,0.755874,0.768735,0.0708335,398,"False",1,NA,NA,NA,NA,NA,NA,NA,NA,NA,NA,NA
"LMX1A","LMX1A","MA0702.2","-3.46175",0.999747,0.782549,0.797493,0.0787588,398,"False",1,NA,NA,NA,NA,NA,NA,NA,NA,NA,NA,NA
"GATA6","GATA6","MA1104.2","-3.46688",0.999753,0.767702,0.778888,0.0625767,398,"False",1,NA,NA,NA,NA,NA,NA,NA,NA,NA,NA,NA
"POU5F1B","POU5F1B","MA0792.1","-3.47897",0.999764,0.800325,0.812863,0.0687845,398,"False",1,NA,NA,NA,NA,NA,NA,NA,NA,NA,NA,NA
"Sox6","Sox6","MA0515.1","-3.48541",0.99977,0.854032,0.863219,0.0508977,398,"False",1,0.0441861778273404,0.00712724010435167,0.65728593452107,0.656620226595271,0.720068405233476,0.775915561683614,0.584874379515432,NA,NA,NA,NA
"POU2F1","POU2F1","MA0785.1","-3.48663",0.999771,0.768118,0.780451,0.0680966,398,"False",1,6.54433396505887e-34,2.18848837879623e-19,0.981311917399815,0.981367780680289,-0.0348269431647314,6.54224466399266e-05,0.284292561648001,NA,NA,NA,NA
"TWIST1","TWIST1","MA1123.2","-3.51487",0.999794,0.807291,0.816578,0.0506721,398,"False",1,4.39404812529135e-05,0.0153344915128442,0.836301440597683,0.835805878532864,-0.276459864181139,0.168770413592654,0.227349909219238,NA,NA,NA,NA
"MAFG","MAFG","MA0659.2","-3.54479",0.999817,0.739969,0.749157,0.0506237,398,"False",1,3.10062843832375e-07,7.49626885930417e-06,0.68506901964184,0.684763681333511,0.16870253369817,0.997485816632115,0.7146400647286,0.0684471198845102,0.953289891359464,0.443901038465488,0.952279444033835
"SOX13","SOX13","MA1120.1","-3.54722",0.999817,0.817851,0.829006,0.0590881,398,"False",1,NA,NA,NA,NA,NA,NA,NA,NA,NA,NA,NA
"MEF2A","MEF2A","MA0052.4","-3.54747",0.999819,0.752162,0.766248,0.0779724,398,"False",1,7.08434861399564e-05,0.0665658091632735,NA,NA,NA,0.508056281020342,0.98333179888456,NA,NA,NA,NA
"POU3F2","POU3F2","MA0787.1","-3.56532",0.99983,0.754127,0.767246,0.0705844,398,"False",1,3.07027143282056e-13,8.732461711596e-07,0.856225500992971,0.855797211686678,0.216363922763431,0.801561548843628,0.895861683668595,NA,NA,NA,NA
"SOX2","SOX2","MA0143.4","-3.57733",0.999838,0.812219,0.823216,0.0588285,398,"False",1,0.310635494725755,0.160010797568856,NA,NA,NA,0.361661266714671,NA,0.241323006325797,0.320354545023176,NA,0.0520521983190309
"FOXB1","FOXB1","MA0845.1","-3.58129",0.999841,0.783372,0.796028,0.0699303,398,"False",1,NA,NA,NA,NA,NA,NA,NA,NA,NA,NA,NA
"TBX1","TBX1","MA0805.1","-3.58756",0.999843,0.82284,0.833,0.0507671,398,"False",1,NA,NA,NA,NA,NA,NA,NA,NA,NA,NA,NA
"NR1D2","NR1D2","MA1532.1","-3.59427",0.999847,0.794513,0.800923,0.0320014,398,"False",1,1.51889046812041e-29,1.97566992061912e-16,0.925117529495916,0.925344185567835,0.0892274549975934,0.419063219897274,0.674599545464255,NA,NA,NA,NA
"RORA","RORA","MA0072.1","-3.59211",0.999847,0.755162,0.76483,0.0531549,398,"False",1,7.47280355186464e-31,6.8553185712479e-21,0.952390206819727,0.952281607911247,0.0117738569431898,0.000612969151083329,0.61444310359311,NA,NA,NA,NA
"FOSL2","FOSL2::JUN","MA1130.1","-3.59517",0.999848,0.795444,0.805799,0.0525048,398,"False",1,1.68952392523563e-13,1.56217936212365e-11,0.449693635549799,0.448388864110944,0.43770832842198,0.134313724504998,0.517912131847065,NA,NA,NA,NA
"JUN","FOSL2::JUN","MA1130.1","-3.59517",0.999848,0.795444,0.805799,0.0525048,398,"False",1,1.508912433933e-17,2.46806570041244e-14,0.884159232342222,0.883946268755348,0.053288392672907,0.000533383968000846,0.112885154565561,NA,NA,NA,NA
"Six3","Six3","MA0631.1","-3.59738",0.99985,0.721342,0.729997,0.0466325,398,"False",1,NA,NA,NA,NA,NA,NA,NA,NA,NA,NA,NA
"TBX21","TBX21","MA0690.1","-3.60556",0.999855,0.79054,0.799524,0.0474533,398,"False",1,NA,NA,NA,NA,NA,NA,NA,NA,NA,NA,NA
"ZBTB18","ZBTB18","MA0698.1","-3.62346",0.999864,0.784391,0.793457,0.0460176,398,"False",1,3.10674818350404e-14,5.25692874955262e-13,0.715105526441046,0.715672965156813,0.279527629827462,0.0261003210871352,0.17789647904576,NA,NA,NA,NA
"TBR1","TBR1","MA0802.1","-3.63203",0.999869,0.792952,0.80205,0.0483273,398,"False",1,5.38376361667663e-06,3.48236584222214e-08,0.529888090838603,0.529544961455282,0.590602418846647,0.488069071534659,0.456067089103885,0.696157649634254,0.681263290315578,NA,0.0096146519500644
"SCRT2","SCRT2","MA0744.2","-3.64028",0.999873,0.754171,0.762723,0.0455344,398,"False",1,NA,NA,NA,NA,NA,NA,NA,NA,NA,NA,NA
"HNF1B","HNF1B","MA0153.2","-3.65306",0.999879,0.709451,0.722486,0.0661022,398,"False",1,NA,NA,NA,NA,NA,NA,NA,NA,NA,NA,NA
"HOXD4","HOXD4","MA1507.1","-3.68415",0.999892,0.861688,0.8751,0.0625855,398,"False",1,NA,NA,NA,NA,NA,NA,NA,NA,NA,NA,NA
"JDP2","JDP2","MA0655.1","-3.68338",0.999892,0.758147,0.769973,0.0574549,398,"False",1,6.07058512732463e-14,0.0025589437965704,0.646057403289582,0.645292575717164,-0.485302731149732,0.903415981809956,0.237737659518654,NA,NA,NA,NA
"HNF1A","HNF1A","MA0046.2","-3.70203",0.9999,0.718603,0.731904,0.0673507,398,"False",1,NA,NA,NA,NA,NA,NA,NA,NA,NA,NA,NA
"MEIS3","MEIS3","MA0775.1","-3.70926",0.999904,0.877119,0.886699,0.0509616,398,"False",1,1.68076433326766e-11,2.97199100528655e-09,0.813140276984272,0.812682888257173,-0.112686105271641,2.21995068651551e-11,7.33930400989926e-06,NA,NA,NA,NA
"CEBPA","CEBPA","MA0102.4","-3.72531",0.999909,0.751739,0.762792,0.0548397,398,"False",1,1.03189410355897e-24,7.75329182443038e-08,0.737464975947723,0.737571771934882,-0.252229377400156,0.00488497179514342,0.168864167127996,NA,NA,NA,NA
"SOX10","SOX10","MA0442.2","-3.72653",0.99991,0.837279,0.849151,0.0604085,398,"False",1,0.0612133926082667,0.224521235598719,0.999770245887345,0.999770245887345,-0.0138016851320469,0.577381731884902,0.977350435805687,NA,NA,NA,NA
"Nkx3-2","Nkx3-2","MA0122.3","-3.7582",0.99992,0.764186,0.775699,0.0551219,398,"False",1,NA,NA,NA,NA,NA,NA,NA,NA,NA,NA,NA
"SRY","SRY","MA0084.1","-3.76161",0.999922,0.862724,0.874533,0.0621111,398,"False",1,NA,NA,NA,NA,NA,NA,NA,NA,NA,NA,NA
"HOXA4","HOXA4","MA1496.1","-3.77229",0.999924,0.885672,0.895059,0.0449989,398,"False",1,NA,NA,NA,NA,NA,NA,NA,NA,NA,NA,NA
"Sox1","Sox1","MA0870.1","-3.77419",0.999925,0.681411,0.692287,0.0500007,398,"False",1,NA,NA,NA,NA,NA,NA,NA,NA,NA,NA,NA
"FOSL1","FOSL1::JUND","MA1142.1","-3.80347",0.999933,0.822588,0.832877,0.0489847,398,"False",1,NA,NA,NA,NA,NA,NA,NA,NA,NA,NA,NA
"JUND","FOSL1::JUND","MA1142.1","-3.80347",0.999933,0.822588,0.832877,0.0489847,398,"False",1,1.038036504188e-14,1.68484293492594e-13,0.745817400720349,0.746758466375359,0.197119682601069,0.00442334252641151,0.195803052907298,0.0702013129310858,0.191449865455824,0.358392089182732,0.940993839305649
"MZF1","MZF1","MA0056.2","-3.80313",0.999934,0.809945,0.819369,0.0463819,398,"False",1,0.00069309332204974,0.00573401190399135,NA,0.817979153094259,NA,0.386032968488004,0.0925578408036219,NA,NA,NA,NA
"POU5F1","POU5F1","MA1115.1","-3.8069",0.999935,0.794434,0.808771,0.0722764,398,"False",1,NA,NA,NA,NA,NA,NA,NA,NA,NA,NA,NA
"SIX2","SIX2","MA1119.1","-3.82108",0.999939,0.728078,0.737451,0.0487388,398,"False",1,NA,NA,NA,NA,NA,NA,NA,NA,NA,NA,NA
"Twist2","Twist2","MA0633.1","-3.84054",0.999943,0.793542,0.805608,0.0563108,398,"False",1,0.0240339261958597,0.0624027304523203,0.883221689467931,0.883002055312099,-0.1520432597712,0.993182752134694,0.448200367012022,NA,NA,NA,NA
"POU4F1","POU4F1","MA0790.1","-3.83997",0.999943,0.713691,0.728739,0.0721968,398,"False",1,NA,NA,NA,NA,NA,NA,NA,NA,NA,NA,NA
"mix-a","mix-a","MA0621.1","-3.84197",0.999943,0.743862,0.762142,0.0882636,398,"False",1,NA,NA,NA,NA,NA,NA,NA,NA,NA,NA,NA
"POU2F2","POU2F2","MA0507.1","-3.85196",0.999946,0.765943,0.779783,0.0690454,398,"False",1,1.06488463942879e-10,8.36033357507145e-10,0.595696614297755,0.594331287616238,0.403555203764524,0.82927410723466,0.276436547324664,NA,NA,NA,NA
"BACH2","BACH2","MA1101.2","-3.86825",0.999949,0.699756,0.709513,0.0447964,398,"False",1,2.03706988403596e-28,1.07981956839025e-11,0.672453594475373,0.671639102255797,-0.0757136002130424,0.47578642262691,0.563659634813802,NA,NA,NA,NA
"POU4F2","POU4F2","MA0683.1","-3.87374",0.99995,0.672314,0.685626,0.0653354,398,"False",1,NA,NA,NA,NA,NA,NA,NA,NA,NA,NA,NA
"FOS","FOS::JUN","MA0099.3","-3.88612",0.999953,0.799752,0.810925,0.0526108,398,"False",1,1.61553907596238e-07,0.00104150169983918,0.557525972716661,0.555916968654112,0.164952456643663,0.706569654479933,NA,NA,NA,NA,NA
"JUN","FOS::JUN","MA0099.3","-3.88612",0.999953,0.799752,0.810925,0.0526108,398,"False",1,1.508912433933e-17,2.46806570041244e-14,0.884159232342222,0.883946268755348,0.053288392672907,0.000533383968000846,0.112885154565561,NA,NA,NA,NA
"BACH1","BACH1","MA1633.1","-3.88872",0.999953,0.756352,0.766999,0.0502368,398,"False",1,0.737709369514819,0.0428768393210988,0.636963827605549,NA,1.65439219862805,0.182563937596324,0.909323602293788,NA,NA,NA,NA
"SOX8","SOX8","MA0868.2","-3.92368",0.99996,0.816685,0.828354,0.0561017,398,"False",1,0.576748471555278,0.866526261304968,NA,NA,NA,0.686842381552118,0.423454124877247,NA,NA,NA,NA
"MEIS1","MEIS1","MA1639.1","-3.92411",0.99996,0.767755,0.780327,0.0629803,398,"False",1,7.79543986328289e-09,1.29131002331434e-06,0.887214526963913,0.887017288056652,0.201983748617056,0.0110300287859115,0.18538155885978,NA,NA,NA,NA
"POU4F3","POU4F3","MA0791.1","-3.96455",0.999966,0.69368,0.708699,0.0706717,398,"False",1,NA,NA,NA,NA,NA,NA,NA,NA,NA,NA,NA
"ZNF652","ZNF652","MA1657.1","-3.96769",0.999967,0.754286,0.766657,0.0642467,398,"False",1,3.39640903658566e-37,5.64166504042862e-14,0.756413222512361,0.757203547877828,-0.174103576228662,0.000438105676048943,0.589876675172674,NA,NA,NA,NA
"POU6F1","POU6F1","MA0628.1","-3.97323",0.999967,0.754637,0.770941,0.0748494,398,"False",1,0.0155600747360242,0.198872033672697,NA,NA,NA,0.0150349867607265,0.427689037509896,NA,NA,NA,NA
"Mecom","Mecom","MA0029.1","-4.00778",0.999972,0.737806,0.749394,0.0534244,398,"False",1,NA,NA,NA,NA,NA,NA,NA,NA,NA,NA,NA
"BATF","BATF","MA1634.1","-4.0198",0.999973,0.778112,0.791318,0.060076,398,"False",1,NA,NA,NA,NA,NA,NA,NA,NA,NA,NA,NA
"POU6F1","POU6F1","MA1549.1","-4.02543",0.999974,0.821966,0.833784,0.0546636,398,"False",1,0.0155600747360242,0.198872033672697,NA,NA,NA,0.0150349867607265,0.427689037509896,NA,NA,NA,NA
"TBXT","TBXT","MA0009.2","-4.07679",0.999979,0.691401,0.700128,0.0396973,398,"False",1,NA,NA,NA,NA,NA,NA,NA,NA,NA,NA,NA
"BATF","BATF::JUN","MA0462.2","-4.07856",0.999979,0.776376,0.789704,0.0597113,398,"False",1,NA,NA,NA,NA,NA,NA,NA,NA,NA,NA,NA
"JUN","BATF::JUN","MA0462.2","-4.07856",0.999979,0.776376,0.789704,0.0597113,398,"False",1,1.508912433933e-17,2.46806570041244e-14,0.884159232342222,0.883946268755348,0.053288392672907,0.000533383968000846,0.112885154565561,NA,NA,NA,NA
"BATF3","BATF3","MA0835.2","-4.08797",0.99998,0.776132,0.78925,0.0588554,398,"False",1,1.16396988900187e-14,2.15576382704693e-09,0.992975909092863,0.992966171098903,-0.030810399463397,0.000476260890712693,0.0162877497634696,NA,NA,NA,NA
"HOXB4","HOXB4","MA1499.1","-4.09692",0.99998,0.839955,0.85515,0.0631408,398,"False",1,NA,NA,NA,NA,NA,NA,NA,NA,NA,NA,NA
"MEIS2","MEIS2","MA1640.1","-4.11592",0.999982,0.739677,0.753406,0.0663187,398,"False",1,2.62831652168386e-05,0.00760286750949585,0.977790214199298,0.977836832207544,-0.140012036232862,0.0257789523533004,0.0797639340000631,NA,NA,NA,NA
"MEIS1","MEIS1","MA0498.2","-4.12183",0.999983,0.914273,0.925456,0.0535412,398,"False",1,7.79543986328289e-09,1.29131002331434e-06,0.887214526963913,0.887017288056652,0.201983748617056,0.0110300287859115,0.18538155885978,NA,NA,NA,NA
"FOSL2","FOSL2::JUND","MA1144.1","-4.1348",0.999984,0.788722,0.801056,0.0534765,398,"False",1,1.68952392523563e-13,1.56217936212365e-11,0.449693635549799,0.448388864110944,0.43770832842198,0.134313724504998,0.517912131847065,NA,NA,NA,NA
"JUND","FOSL2::JUND","MA1144.1","-4.1348",0.999984,0.788722,0.801056,0.0534765,398,"False",1,1.038036504188e-14,1.68484293492594e-13,0.745817400720349,0.746758466375359,0.197119682601069,0.00442334252641151,0.195803052907298,0.0702013129310858,0.191449865455824,0.358392089182732,0.940993839305649
"FOS","FOS::JUNB","MA1134.1","-4.19096",0.999987,0.777654,0.789905,0.0527142,398,"False",1,1.61553907596238e-07,0.00104150169983918,0.557525972716661,0.555916968654112,0.164952456643663,0.706569654479933,NA,NA,NA,NA,NA
"JUNB","FOS::JUNB","MA1134.1","-4.19096",0.999987,0.777654,0.789905,0.0527142,398,"False",1,6.71748920319628e-11,3.8155471366722e-09,0.758629649188065,0.75942229034888,0.154754981778615,0.00544929074912458,0.15167485229194,NA,NA,NA,NA
"TBX2","TBX2","MA0688.1","-4.23105",0.999989,0.809788,0.819378,0.0428639,398,"False",1,NA,NA,NA,NA,NA,NA,NA,NA,NA,NA,NA
"FOSL1","FOSL1::JUNB","MA1137.1","-4.2367",0.99999,0.785201,0.796883,0.0498819,398,"False",1,NA,NA,NA,NA,NA,NA,NA,NA,NA,NA,NA
"JUNB","FOSL1::JUNB","MA1137.1","-4.2367",0.99999,0.785201,0.796883,0.0498819,398,"False",1,6.71748920319628e-11,3.8155471366722e-09,0.758629649188065,0.75942229034888,0.154754981778615,0.00544929074912458,0.15167485229194,NA,NA,NA,NA
"PBX2","PBX2","MA1113.2","-4.24474",0.99999,0.749279,0.764427,0.0694362,398,"False",1,1.00946124894053e-20,5.7220443423862e-11,0.688804002188606,0.688546450778808,-0.258473417376926,0.0438536358131507,0.256977072190202,NA,NA,NA,NA
"TBX19","TBX19","MA0804.1","-4.30541",0.999992,0.673925,0.682991,0.037466,398,"False",1,NA,NA,NA,NA,NA,NA,NA,NA,NA,NA,NA
"FOSL2","FOSL2::JUNB","MA1138.1","-4.30692",0.999992,0.786342,0.799716,0.0551714,398,"False",1,1.68952392523563e-13,1.56217936212365e-11,0.449693635549799,0.448388864110944,0.43770832842198,0.134313724504998,0.517912131847065,NA,NA,NA,NA
"JUNB","FOSL2::JUNB","MA1138.1","-4.30692",0.999992,0.786342,0.799716,0.0551714,398,"False",1,6.71748920319628e-11,3.8155471366722e-09,0.758629649188065,0.75942229034888,0.154754981778615,0.00544929074912458,0.15167485229194,NA,NA,NA,NA
"FOSB","FOSB::JUNB","MA1135.1","-4.32745",0.999993,0.791811,0.80477,0.053567,398,"False",1,8.56054440470904e-08,2.98121772660672e-05,0.71124075201496,0.711796860031434,0.382800627842788,0.0353505966798426,0.395907333132911,0.847372963419524,0.411341869507962,NA,0.822827959564133
"JUNB","FOSB::JUNB","MA1135.1","-4.32745",0.999993,0.791811,0.80477,0.053567,398,"False",1,6.71748920319628e-11,3.8155471366722e-09,0.758629649188065,0.75942229034888,0.154754981778615,0.00544929074912458,0.15167485229194,NA,NA,NA,NA
"TEAD4","TEAD4","MA0809.2","-4.33389",0.999993,0.799541,0.811377,0.0485734,398,"False",1,NA,NA,NA,NA,NA,NA,0.797136589184692,NA,NA,NA,NA
"FOSL2","FOSL2","MA0478.1","-4.34747",0.999994,0.809904,0.822129,0.0507965,398,"False",1,1.68952392523563e-13,1.56217936212365e-11,0.449693635549799,0.448388864110944,0.43770832842198,0.134313724504998,0.517912131847065,NA,NA,NA,NA
"TEAD1","TEAD1","MA0090.3","-4.3525",0.999994,0.780853,0.792671,0.0488319,398,"False",1,7.01660502044586e-19,8.22711527019835e-10,0.813181323724287,0.812727678624257,-0.0597138148785803,1.75412474287888e-08,0.00415267502629174,NA,NA,NA,NA
"FOXH1","FOXH1","MA0479.1","-4.40795",0.999995,0.807493,0.8201,0.0540529,398,"False",1,NA,NA,NA,NA,NA,NA,NA,NA,NA,NA,NA
"DMRTC2","DMRTC2","MA1479.1","-4.54179",0.999997,0.762104,0.774699,0.0494506,398,"False",1,NA,NA,NA,NA,NA,NA,NA,NA,NA,NA,NA
"DMRTA2","DMRTA2","MA1478.1","-4.55873",0.999998,0.792908,0.804898,0.0474214,398,"False",1,NA,NA,NA,NA,NA,NA,NA,NA,NA,NA,NA
"FOSL1","FOSL1","MA0477.2","-4.56469",0.999998,0.767201,0.78171,0.056839,398,"False",1,NA,NA,NA,NA,NA,NA,NA,NA,NA,NA,NA
"MAF","MAF::NFE2","MA0501.1","-4.5689",0.999998,0.734223,0.745182,0.0430607,398,"False",1,0.270044602463472,0.053481880381075,0.783394856403624,0.783646642534325,0.883703167062978,0.00560008708724537,0.196661637285431,NA,NA,NA,NA
"NFE2","MAF::NFE2","MA0501.1","-4.5689",0.999998,0.734223,0.745182,0.0430607,398,"False",1,NA,NA,NA,NA,NA,NA,NA,NA,NA,NA,NA
"TBX20","TBX20","MA0689.1","-4.5672",0.999998,0.78942,0.800256,0.0463778,398,"False",1,NA,NA,NA,NA,NA,NA,NA,NA,NA,NA,NA
"TEAD2","TEAD2","MA1121.1","-4.64024",0.999998,0.78978,0.802032,0.0475228,398,"False",1,NA,NA,NA,NA,NA,NA,NA,NA,NA,NA,NA
"POU6F2","POU6F2","MA0793.1","-4.67018",0.999999,0.78385,0.799538,0.0608821,398,"False",1,1.05908279662333e-22,2.87543260393406e-13,0.976410637714317,0.97654972610375,-0.0596490675287686,0.000421369313912447,0.234943683123721,NA,NA,NA,NA
"JUNB","JUNB","MA0490.2","-4.69837",0.999999,0.75179,0.767068,0.0581927,398,"False",1,6.71748920319628e-11,3.8155471366722e-09,0.758629649188065,0.75942229034888,0.154754981778615,0.00544929074912458,0.15167485229194,NA,NA,NA,NA
"JUN","JUN","MA0489.1","-4.70444",0.999999,0.787904,0.800788,0.0488978,398,"False",1,1.508912433933e-17,2.46806570041244e-14,0.884159232342222,0.883946268755348,0.053288392672907,0.000533383968000846,0.112885154565561,NA,NA,NA,NA
"JUND","JUND","MA0491.2","-4.71424",0.999999,0.755491,0.770631,0.0573533,398,"False",1,1.038036504188e-14,1.68484293492594e-13,0.745817400720349,0.746758466375359,0.197119682601069,0.00442334252641151,0.195803052907298,0.0702013129310858,0.191449865455824,0.358392089182732,0.940993839305649
"NFE2L1","NFE2L1","MA0089.2","-4.77775",0.999999,0.725759,0.737551,0.0440837,398,"False",1,2.98746442816721e-32,1.48820883014659e-23,0.558911057735706,0.558116959788681,0.169074244241564,0.00636038444802971,0.412493095982493,NA,NA,NA,NA
"Smad2","Smad2::Smad3","MA1622.1","-4.7829",0.999999,0.774703,0.790122,0.0579085,398,"False",1,1.10590851456242e-15,1.22838266859519e-09,0.918063217588431,0.917938942839456,-0.128042748588536,0.000469750016243818,0.323329170426695,0.704037590043007,0.902655177511684,NA,0.811305485578048
"Smad3","Smad2::Smad3","MA1622.1","-4.7829",0.999999,0.774703,0.790122,0.0579085,398,"False",1,0.000380619877286622,6.15350809912063e-05,0.561621317668838,0.560989085521792,0.401242555414961,0.0669487073221508,0.0217857866519315,NA,NA,NA,NA
"Sox11","Sox11","MA0869.1","-4.86771",0.999999,0.641959,0.656775,0.0526901,398,"False",1,NA,NA,NA,NA,NA,NA,NA,0.757115994765519,0.936483098142089,NA,0.975626429877149
"FOS","FOS","MA0476.1","-4.88941",1,0.804463,0.81946,0.0540631,398,"False",1,1.61553907596238e-07,0.00104150169983918,0.557525972716661,0.555916968654112,0.164952456643663,0.706569654479933,NA,NA,NA,NA,NA
"SOX21","SOX21","MA0866.1","-4.89559",1,0.677389,0.69156,0.0487437,398,"False",1,NA,NA,NA,NA,NA,NA,NA,NA,NA,NA,NA
"Nfe2l2","Nfe2l2","MA0150.2","-4.90449",1,0.73538,0.746756,0.0415266,398,"False",1,2.31496451814941e-16,4.1029352188983e-07,0.766175065643468,0.766975590503087,-0.131026599990747,0.0028969945102437,0.369391808858321,NA,NA,NA,NA
"GATA1","GATA1::TAL1","MA0140.2","-5.14415",1,0.749485,0.762472,0.0475966,398,"False",1,NA,NA,NA,NA,NA,NA,NA,NA,NA,NA,NA
"TAL1","GATA1::TAL1","MA0140.2","-5.14415",1,0.749485,0.762472,0.0475966,398,"False",1,NA,NA,NA,NA,NA,NA,NA,NA,NA,NA,NA
"Pou5f1","Pou5f1::Sox2","MA0142.1","-5.48029",1,0.733359,0.749041,0.0546706,398,"False",1,NA,NA,NA,NA,NA,NA,NA,NA,NA,NA,NA
"Sox2","Pou5f1::Sox2","MA0142.1","-5.48029",1,0.733359,0.749041,0.0546706,398,"False",1,0.310635494725755,0.160010797568856,NA,NA,NA,0.361661266714671,NA,0.241323006325797,0.320354545023176,NA,0.0520521983190309
"Degrees","Degrees","of","freedom:",37779,NA,NA,NA,NA,"False",1,NA,NA,NA,NA,NA,NA,NA,NA,NA,NA,NA
